 Eigenvector file: COVAR nmodes 20 width 11
  228  228
   24.79627   33.55674   40.33513   23.81677   33.35602   41.38641   23.48216
   31.90435   41.62146   23.12878   31.18043   40.72387   26.44381   34.36306
   47.02499   25.83270   34.19762   45.73278   24.33541   33.96413   45.75553
   23.76972   33.39152   44.86713   23.64901   34.41781   46.78505   22.22015
   34.28208   46.96486   21.43859   35.27744   46.14965   21.90918   36.35065
   45.82019   20.19262   34.93652   45.79207   19.32771   35.75745   44.97494
   19.01441   37.11442   45.57468   18.97656   38.10475   44.87846   18.82306
   37.19469   46.89617   18.60414   38.43395   47.61589   19.77074   39.37236
   47.64611   19.61110   40.56540   47.49347   20.99520   38.86085   47.81851
   22.20667   39.65025   47.77076   22.50342   40.16436   46.37328   22.99392
   41.25825   46.18742   22.15183   39.39450   45.33836   22.38794   39.75764
   43.95761   21.21288   40.53330   43.37874   21.13787   40.78312   42.20043
   20.28256   40.97597   44.22851   19.22359   41.89519   43.89785   19.45542
   43.27029   44.49815   18.63696   44.15988   44.38124   20.60173   43.49394
   45.14399   21.02457   44.77660   45.66783   21.49523   45.72624   44.56543
   21.89390   45.23780   43.52385   21.44943   47.05543   44.69853   21.56086
   48.01873   43.61224   22.62196   47.86137   42.55001   22.33460   48.12666
   41.40553   23.99940   45.05029   41.65044   23.83106   43.70228   41.14315
   24.41304   42.67746   42.03409   24.41718   41.52393   41.72256   25.51831
   37.46262   36.99478   25.65086   38.38384   38.11368   27.03786   38.39194
   38.75562   27.48020   39.38202   39.30968   25.37485   40.66700   32.19995
   24.06243   41.23612   32.46483   24.00061   42.72783   32.26621   22.94982
   43.29515   32.10356   19.80372   38.21466   28.67012   20.41487   39.11671
   29.63446   21.37903   40.07607   28.98041   21.55398   41.19732   29.40994
   19.46149   43.01501   27.69961   18.92364   43.83401   28.75704   17.70035
   43.34230   29.43197   17.04783   44.05471   30.06346   17.35074   42.11026
   29.33934   16.22468   41.50969   30.01904   16.66647   40.82907   31.28134
   17.80677   40.49662   31.44000   15.76688   40.60730   32.23228   16.05506
   39.93232   33.47079   15.71945   38.46037   33.40099   15.92408   37.73175
   34.31952   15.19346   37.98441   32.29325   14.76634   36.62392   32.07960
   15.91483   35.70540   31.73834   16.74140   36.00107   30.91160   15.98678
   34.54206   32.38337   16.96387   33.51832   32.11677   16.39380   32.50456
   31.15454   15.46183   31.79917   31.44351
 ****
    1     2.52083
    0.01610    0.00555    0.00876    0.01206   -0.00263    0.00403    0.02132
   -0.00609    0.00343    0.03163   -0.01013    0.00152   -0.03622    0.00431
    0.01741   -0.02467   -0.00214    0.01289   -0.02519   -0.00171    0.00080
   -0.01728   -0.00821    0.00110   -0.03476    0.00575   -0.01023   -0.03662
    0.00685   -0.02175   -0.03011    0.00365   -0.03274   -0.02853    0.00356
   -0.03065   -0.02567    0.00060   -0.04540   -0.01698   -0.00534   -0.06132
   -0.02527   -0.00083   -0.07537   -0.01680   -0.00573   -0.08338   -0.04296
    0.00889   -0.07841   -0.05536    0.01399   -0.09111   -0.05595    0.01389
   -0.07751   -0.05338    0.01326   -0.08686   -0.05861    0.01423   -0.05467
   -0.05753    0.01328   -0.04076   -0.03581    0.00324   -0.03920   -0.03295
    0.00159   -0.03881   -0.02086   -0.00381   -0.03930   -0.00013   -0.01525
   -0.03894    0.00765   -0.02060   -0.06265    0.01703   -0.04205   -0.06834
    0.00299   -0.00109   -0.07782    0.00916   -0.00263   -0.10174    0.00811
    0.00385   -0.11600    0.00555    0.00053   -0.11618    0.01045    0.01327
   -0.12749    0.00634    0.01770   -0.13533    0.03683   -0.00128   -0.13864
    0.06049   -0.01828   -0.12168    0.03691    0.00111   -0.15882    0.05907
   -0.01380   -0.16971    0.07548   -0.03112   -0.15064    0.09143   -0.05702
   -0.16018    0.10520   -0.03135   -0.08815    0.11556   -0.03703   -0.07571
    0.06372   -0.02830   -0.03604    0.03665   -0.03552   -0.00821    0.01896
    0.03964    0.05564    0.00882    0.03236    0.06321    0.00654    0.03315
    0.06932    0.00120    0.03038    0.07908    0.02538    0.09398    0.09485
    0.02004    0.08075    0.09824    0.01531    0.08520    0.13045    0.01246
    0.08745    0.15332    0.04319    0.07054    0.06153    0.02983    0.05360
    0.08561    0.02122    0.08102    0.11227    0.01184    0.07076    0.14405
    0.00251    0.08286    0.22583    0.00328    0.03838    0.26154   -0.00510
    0.01838    0.23359    0.00179    0.00390    0.28585   -0.02017    0.01521
    0.15047   -0.02845   -0.00772    0.11697   -0.04652   -0.04524    0.10261
   -0.05316   -0.07023    0.09888   -0.05464   -0.05140    0.09351   -0.06780
   -0.07502    0.08348   -0.06142   -0.07472    0.05029   -0.07055   -0.09162
    0.03760   -0.04408   -0.05549    0.03499   -0.02303   -0.05620   -0.00135
   -0.00441   -0.03241   -0.00098    0.00009   -0.00714    0.01382    0.00716
   -0.04002   -0.01773    0.02851   -0.01837   -0.02105    0.05377   -0.01660
   -0.03678    0.06938   -0.04255   -0.04931
 ****
    2     1.66339
   -0.01303    0.01988   -0.04103   -0.01310    0.03665   -0.03641   -0.01228
    0.03913   -0.00891   -0.02002    0.02248    0.00452    0.00094   -0.00442
   -0.01667   -0.01548    0.01126   -0.01141   -0.01762    0.02536    0.00717
   -0.03826    0.05256   -0.00035    0.00616    0.00719    0.03364    0.00973
    0.01153    0.06498   -0.00580    0.02852    0.10198   -0.01032    0.03238
    0.10851   -0.01534    0.03864    0.12677   -0.02734    0.04879    0.15050
   -0.01229    0.04571    0.16455   -0.03062    0.04730    0.16867    0.02100
    0.04253    0.16939    0.04346    0.04228    0.17709    0.04909    0.03677
    0.14930    0.05199    0.03745    0.15622    0.04993    0.03021    0.11764
    0.05394    0.02206    0.08466    0.02285    0.01531    0.07503    0.01780
    0.01544    0.05876    0.00227    0.00924    0.08600   -0.01883   -0.00139
    0.07917   -0.02248    0.00312    0.09348   -0.03826   -0.00176    0.09395
   -0.00792    0.01273    0.10430   -0.00992    0.01383    0.11266    0.01877
    0.02590    0.07065    0.02977    0.03379    0.05936    0.03167    0.02662
    0.04506    0.05426    0.03172    0.01222    0.06427   -0.00300   -0.01329
    0.05729   -0.03373   -0.00155    0.07817    0.00088   -0.04692    0.07566
   -0.02848   -0.07239    0.06986   -0.06014   -0.07258    0.06714   -0.08732
   -0.07721    0.04713   -0.07802   -0.02750    0.03363   -0.08418   -0.00616
    0.01708   -0.07595    0.01089   -0.00093   -0.08112    0.02964   -0.00905
   -0.00890   -0.02826   -0.01247   -0.02150   -0.01711   -0.01064   -0.01743
   -0.02140   -0.01568   -0.01945   -0.01359   -0.01796    0.04796    0.00686
   -0.02194    0.03837    0.01037   -0.02622    0.04172    0.03523   -0.02835
    0.04159    0.04692    0.01364    0.05599   -0.06870   -0.00505    0.04590
   -0.04676   -0.00590    0.06471   -0.02157   -0.01782    0.05893   -0.00069
   -0.02022    0.07229    0.01720   -0.03888    0.04706    0.02788   -0.04609
    0.02523    0.00064   -0.06342    0.00986    0.00288   -0.03310    0.02253
   -0.02617   -0.03989    0.00051   -0.05589   -0.05239   -0.02912   -0.06645
   -0.05066   -0.02416   -0.05796   -0.06541   -0.06125   -0.08504   -0.07848
   -0.09530   -0.09917   -0.06707   -0.09671   -0.14729   -0.07226   -0.12337
   -0.16382   -0.04926   -0.06860   -0.17081   -0.02232   -0.07095   -0.21667
    0.00553   -0.04728   -0.19289    0.02132   -0.02750   -0.17280    0.01088
   -0.04916   -0.19525    0.03353   -0.03223   -0.17983    0.06114   -0.03893
   -0.18873    0.08050   -0.06858   -0.19548
 ****
    3     1.57805
    0.02582    0.00009    0.07092    0.03151   -0.00367    0.07666    0.05453
   -0.00761    0.09809    0.05826   -0.02571    0.10900    0.04859    0.03092
    0.08529    0.04537    0.01647    0.08848    0.04759    0.00468    0.09656
    0.04710    0.00238    0.09642    0.04998   -0.00281    0.10378    0.05159
   -0.01181    0.11108    0.03814   -0.03056    0.09945    0.02409   -0.02803
    0.08664    0.04231   -0.05045    0.10334    0.03416   -0.07389    0.08817
    0.01671   -0.06740    0.06316    0.00570   -0.08038    0.04538    0.01333
   -0.04627    0.06119   -0.00376   -0.03614    0.03786   -0.01538   -0.02183
    0.02391   -0.02938   -0.02593    0.00724   -0.00971   -0.00511    0.03067
   -0.01900    0.00730    0.01842   -0.02203   -0.01506    0.00994   -0.03159
   -0.01480   -0.00731   -0.01444   -0.03529    0.02210   -0.01630   -0.05784
    0.01540   -0.02468   -0.08279   -0.00143   -0.03382   -0.11799   -0.00896
   -0.02290   -0.06464   -0.00913   -0.03146   -0.08119   -0.02892   -0.03627
   -0.06471   -0.06462   -0.05032   -0.07847   -0.06028   -0.02533   -0.03534
   -0.10000   -0.03416   -0.02107   -0.12780   -0.02003   -0.05147   -0.14784
    0.00029   -0.07970   -0.12691   -0.03009   -0.04745   -0.18582   -0.02203
   -0.07512   -0.20967   -0.01174   -0.09843   -0.19620   -0.00604   -0.14275
   -0.20737    0.03397   -0.09654   -0.10997    0.04992   -0.10885   -0.08115
    0.01069   -0.08550   -0.03526   -0.01558   -0.09605    0.00716   -0.00451
    0.02056    0.06121   -0.01326    0.01896    0.06333   -0.01177    0.02958
    0.06087   -0.01657    0.03260    0.05984   -0.04153    0.02349    0.04854
   -0.04573    0.01291    0.04990   -0.05578    0.01342    0.05598   -0.05900
    0.00722    0.05820   -0.01526    0.03112    0.01405   -0.01747    0.04291
    0.00429   -0.02544    0.04414   -0.00449   -0.04211    0.05201   -0.02028
   -0.05203    0.04344   -0.12422   -0.07934    0.07869   -0.16573   -0.06733
    0.07502   -0.14928   -0.09272    0.07886   -0.20522   -0.02803    0.06898
   -0.07222   -0.01307    0.06965   -0.04796    0.01213    0.10225   -0.04011
    0.02071    0.13869   -0.04058    0.02495    0.09143   -0.03194    0.04976
    0.11921   -0.02282    0.06109    0.11477    0.01309    0.06638    0.13824
    0.03036    0.06280    0.08497    0.02546    0.05422    0.08213    0.06218
    0.04162    0.06794    0.06005    0.03915    0.05478    0.05275    0.03317
    0.06992    0.06645    0.01749    0.05529    0.06459    0.00459    0.06184
    0.06443   -0.01070    0.08177    0.06163
 ****
    4     1.07776
    0.02361   -0.01641    0.08125    0.02670   -0.01013    0.08634    0.04049
   -0.01049    0.11509    0.03129   -0.02813    0.13166    0.06657    0.04605
    0.11368    0.07410    0.04563    0.10901    0.07608    0.03438    0.10029
    0.08456    0.03983    0.08581    0.06744    0.01863    0.10764    0.06466
    0.01611    0.08894    0.06859   -0.01012    0.04905    0.06539   -0.01443
    0.02737    0.07597   -0.02852    0.03966    0.07981   -0.05116    0.01217
    0.06693   -0.04052   -0.01884    0.07408   -0.05307   -0.03803    0.04835
   -0.01766   -0.02277    0.03608   -0.00627   -0.04700    0.03131   -0.00082
   -0.05123    0.02649   -0.00402   -0.07558    0.03244    0.00767   -0.02822
    0.02962    0.01230   -0.02780    0.03804   -0.00100   -0.03126    0.03265
    0.00007   -0.03953    0.05085   -0.01472   -0.02578    0.05362   -0.02542
   -0.02810    0.04900   -0.04030   -0.04017    0.05189   -0.05100   -0.04314
    0.04034   -0.04276   -0.04818    0.03401   -0.05364   -0.05995    0.00133
   -0.05775   -0.03482   -0.01541   -0.07139   -0.03021   -0.00962   -0.04505
   -0.01729   -0.03742   -0.04147   -0.00093   -0.05768   -0.01742    0.01105
   -0.05518    0.00354    0.00195   -0.07654   -0.01991    0.02964   -0.08165
   -0.00281    0.04341   -0.07566    0.02289    0.04510   -0.07392    0.03841
    0.04744   -0.05269    0.04022    0.01976   -0.04015    0.04219    0.00957
   -0.00706    0.04271   -0.00667    0.02423    0.04591   -0.02175    0.02719
   -0.01008    0.05500    0.02404   -0.00429    0.05033    0.02148   -0.00505
    0.05647    0.02112   -0.00439    0.05553    0.04524   -0.03740    0.04345
    0.04457   -0.03319    0.03124    0.04988   -0.03343    0.02712    0.05155
   -0.03066    0.02206    0.05348   -0.01912    0.01344    0.04535   -0.02190
    0.02174    0.06551   -0.03350    0.03303    0.07866   -0.03716    0.03828
    0.12679   -0.02937    0.05430    0.13487   -0.04515    0.07015    0.09281
   -0.01581    0.01852    0.09683    0.00398    0.03296    0.05001   -0.01337
   -0.04481    0.00183    0.01107   -0.10219   -0.08078   -0.00634   -0.08261
   -0.10237   -0.06877   -0.03799   -0.13180    0.04642   -0.11685   -0.21447
    0.04923   -0.09543   -0.25194    0.05750   -0.10264   -0.34435    0.06620
   -0.08070   -0.17461    0.05254   -0.13389   -0.15778    0.05039   -0.15533
   -0.12820    0.06481   -0.09625   -0.10839    0.06368   -0.07437   -0.12314
    0.08075   -0.06937   -0.09318    0.09655   -0.02099   -0.05246    0.06473
   -0.01025   -0.05130    0.06102   -0.01862
 ****
    5     0.95334
   -0.02293   -0.01807   -0.06784   -0.01489    0.00544   -0.05511   -0.01384
    0.01064   -0.01692   -0.03331   -0.00925    0.00513    0.04521    0.06184
   -0.07107    0.02742    0.07015   -0.06476    0.02784    0.06765   -0.04126
    0.01113    0.08343   -0.04588    0.04920    0.04697   -0.01315    0.05464
    0.03481    0.02156    0.02422    0.02805    0.04323    0.00654    0.03106
    0.02648    0.01556    0.01869    0.08243   -0.01368    0.01109    0.10616
   -0.00808    0.00839    0.11359   -0.04600    0.00420    0.11116    0.04062
    0.01247    0.12038    0.06321    0.01572    0.12264    0.06042    0.02121
    0.06931    0.04978    0.01806    0.05928    0.06828    0.02858    0.03348
    0.06407    0.03236   -0.01714    0.01493    0.02051   -0.03282   -0.00609
    0.02657   -0.06035   -0.00366    0.00283   -0.01399   -0.04062   -0.01019
   -0.02416   -0.06187   -0.02659   -0.00405   -0.08570   -0.02909   -0.00286
   -0.05289   -0.03722    0.01185   -0.06992   -0.04998    0.02909   -0.06995
   -0.04282    0.01169   -0.07692   -0.04916    0.01118   -0.06277   -0.02861
   -0.00494   -0.06232   -0.01847   -0.02952   -0.09134   -0.03006   -0.05125
   -0.10394   -0.04171   -0.05068   -0.10144   -0.02834   -0.07037   -0.12079
   -0.04320   -0.08569   -0.12808   -0.04937   -0.09219   -0.13760   -0.06193
   -0.09267   -0.13434   -0.05297   -0.07983   -0.13761   -0.05778   -0.06690
   -0.08899   -0.04650   -0.08407   -0.06470   -0.04617   -0.08658   -0.00576
   -0.05422   -0.10160   -0.00065   -0.05050   -0.10589    0.00457   -0.04279
   -0.11801    0.00802   -0.03691   -0.13139    0.00973   -0.06913   -0.08890
    0.01406   -0.06052   -0.08469    0.01732   -0.06119   -0.09620    0.01858
   -0.06120   -0.11527   -0.00819    0.00369   -0.02650    0.01318   -0.01255
   -0.02564    0.02286   -0.02439   -0.02762    0.05604   -0.03504   -0.01225
    0.09281    0.02035    0.10911    0.15568    0.00488    0.15450    0.16250
    0.02546    0.18417    0.23085    0.04010    0.30468    0.09254    0.02505
    0.07432    0.08957    0.03838    0.08212    0.08477    0.01762    0.07240
    0.07724   -0.01593    0.05735    0.08867    0.03615    0.08020    0.08414
    0.02478    0.07376    0.06669    0.02996    0.06601    0.06942    0.01968
    0.05676    0.04601    0.04788    0.06885    0.01387    0.05998    0.06139
   -0.01364    0.04319    0.01679   -0.02588    0.04297    0.00555   -0.02383
    0.02885   -0.00903   -0.04613    0.01701   -0.04348   -0.07133    0.04608
   -0.06039   -0.09252    0.06910   -0.07374
 ****
    6     0.69219
    0.03007    0.02560   -0.01074    0.01837   -0.01126   -0.03180   -0.00044
   -0.01688   -0.11865    0.02765    0.03477   -0.16645    0.06772   -0.15554
   -0.08932    0.05906   -0.21817   -0.07431    0.05701   -0.19657   -0.05362
    0.04831   -0.25319    0.00874    0.06474   -0.10943   -0.10593    0.06883
   -0.08537   -0.07877    0.07852   -0.05141   -0.03861    0.08479   -0.04186
    0.01029    0.08100   -0.03491   -0.05886    0.08470   -0.01114   -0.03575
    0.07626   -0.03096    0.00129    0.09585   -0.00675    0.03358    0.04352
   -0.07486   -0.00157   -0.01375   -0.10395    0.02828   -0.05168   -0.06182
    0.07797   -0.09287   -0.06127    0.14024   -0.03653   -0.02563    0.05094
   -0.06668    0.01828    0.08339   -0.06401    0.04420    0.09573   -0.05290
    0.03894    0.12110   -0.07493    0.07379    0.07893   -0.08126    0.09931
    0.08490   -0.08688    0.09981    0.09853   -0.09562    0.10633    0.10205
   -0.08249    0.09278    0.10451   -0.10118    0.07202    0.10688   -0.08314
    0.09874    0.03316   -0.08382    0.09231    0.02475   -0.06478    0.12301
   -0.02007   -0.05133    0.12965   -0.05385   -0.02340    0.08824   -0.07612
   -0.00790    0.05195   -0.05181   -0.01483    0.09207   -0.11931    0.00358
    0.05617   -0.14753    0.02462    0.02379   -0.11996    0.04813   -0.01657
   -0.13292    0.06448    0.00828   -0.00142    0.07208    0.00029    0.01994
    0.00297    0.01176    0.06580   -0.07161    0.00346    0.11450    0.01859
    0.04957    0.01309    0.01522    0.05235    0.01106    0.01554    0.05990
    0.00978    0.01796    0.06823   -0.00726    0.02454    0.00096   -0.00029
    0.02490    0.00751   -0.01209    0.02773    0.00427   -0.03202    0.02882
    0.00213   -0.04990    0.03835   -0.03331    0.00313    0.03812   -0.02720
   -0.00256    0.04613   -0.03871   -0.00694    0.05261   -0.03726   -0.01471
    0.07105   -0.06952    0.00067    0.08808   -0.07622    0.01359    0.07515
   -0.05900    0.00199    0.09391   -0.05288    0.02327    0.04196   -0.05097
   -0.03156    0.02426   -0.03465   -0.04685   -0.01154   -0.02335   -0.02825
   -0.02266   -0.05289   -0.00669   -0.03231    0.01862   -0.03806   -0.06954
    0.04133   -0.01781   -0.08759    0.04516    0.00526   -0.13332    0.06672
    0.02696   -0.05000    0.02344    0.00099   -0.04880    0.02153    0.01377
   -0.04404    0.02410    0.02792   -0.04687    0.01866    0.02677   -0.03435
    0.03395    0.04229   -0.02642    0.03899    0.05469   -0.01541    0.02688
    0.06187   -0.02029    0.03365    0.05973
 ****
    7     0.57867
   -0.08796   -0.08296    0.05147   -0.08602   -0.08929    0.05248   -0.08900
   -0.09100    0.04426   -0.09816   -0.08316    0.04164    0.02902   -0.19816
    0.04757    0.01488   -0.23648    0.05949    0.00936   -0.19006    0.08115
   -0.01652   -0.19772    0.10812    0.03419   -0.13403    0.06766    0.03143
   -0.06582    0.08214    0.06847   -0.04949    0.06672    0.10175   -0.06401
    0.06775    0.06612   -0.02169    0.05004    0.09892   -0.01659    0.02149
    0.12666    0.00638   -0.01759    0.19344   -0.00367   -0.03909    0.07561
    0.03712   -0.02605    0.05020    0.05311   -0.06117    0.04345    0.05944
   -0.04953    0.04159    0.05846   -0.05733    0.04169    0.06286   -0.03465
    0.04127    0.06156   -0.02663    0.05517    0.04500   -0.02989    0.08518
    0.02797   -0.03614    0.02935    0.04972   -0.02405    0.01354    0.03750
   -0.02991    0.00895    0.03764   -0.02147   -0.00526    0.02554   -0.02251
    0.01910    0.04665   -0.01563    0.00387    0.02842   -0.01846   -0.01859
    0.03358   -0.02056   -0.03879    0.01577   -0.00733   -0.01497    0.05664
   -0.03704   -0.03510    0.06079   -0.03134   -0.05971    0.07579   -0.02814
   -0.06553    0.08910   -0.03612   -0.07268    0.07350   -0.01764   -0.08257
    0.08210   -0.01064   -0.07555    0.10380   -0.00627   -0.07130    0.11931
   -0.00363   -0.06368    0.11515   -0.02404   -0.06282    0.12129   -0.03836
   -0.03947    0.11426   -0.05681   -0.05497    0.11527   -0.05630   -0.08837
   -0.08749    0.02586   -0.08372   -0.08543    0.02396   -0.08674   -0.09721
    0.03170   -0.08729   -0.10487    0.04503   -0.04674   -0.04561    0.03055
   -0.04494   -0.04472    0.03709   -0.03973   -0.04156    0.05151   -0.03836
   -0.03497    0.06413   -0.05380    0.01971    0.01518   -0.05358    0.00665
    0.02749   -0.05147    0.01401    0.04033   -0.04800    0.00836    0.05537
   -0.02314    0.09676    0.03576   -0.02989    0.11257    0.02205   -0.02336
    0.10918    0.03401   -0.03352    0.11611    0.03280   -0.00427    0.09679
    0.04431    0.00502    0.08814    0.05197    0.03522    0.05133    0.02165
    0.04614    0.08121   -0.00100    0.05281   -0.01268    0.02292    0.08804
   -0.05792   -0.00861    0.10806   -0.06104   -0.05675    0.15865   -0.09948
   -0.09011    0.06448   -0.01950   -0.06011    0.05666   -0.01328   -0.09132
    0.05203   -0.03131   -0.07155    0.08089   -0.04128   -0.05489    0.00978
   -0.03894   -0.07428   -0.00932   -0.06256   -0.05912   -0.02818   -0.05542
   -0.05603   -0.02789   -0.05513   -0.04753
 ****
    8     0.42155
   -0.01618    0.14328    0.04669   -0.01540    0.14411    0.05009   -0.01195
    0.13931    0.05134   -0.01924    0.13875    0.05051   -0.01467    0.00099
    0.12945   -0.01870    0.00208    0.13200   -0.01497   -0.01559    0.13339
   -0.01257    0.01731    0.10548   -0.01671   -0.06470    0.16044   -0.02055
   -0.05829    0.13774   -0.00779   -0.07440    0.10066   -0.00536   -0.07558
    0.09874    0.00500   -0.08648    0.06620    0.03010   -0.10555    0.01902
    0.01489   -0.08852   -0.02876    0.05162   -0.10288   -0.05340   -0.03875
   -0.05790   -0.03927   -0.06648   -0.04266   -0.07744   -0.06610   -0.04536
   -0.04642   -0.05940   -0.04417   -0.04869   -0.07111   -0.04848   -0.01654
   -0.06946   -0.05025    0.01694   -0.02869   -0.05336    0.02684   -0.00202
   -0.06564    0.04307   -0.02386   -0.03969    0.01549   -0.00362   -0.03317
    0.02041    0.00480   -0.02973    0.00825    0.00035   -0.05392    0.00271
    0.01622    0.00003    0.00431    0.02979    0.01063   -0.00820    0.04383
    0.01013   -0.00985    0.04828    0.01413    0.00465    0.05139    0.00376
   -0.02479    0.05750   -0.00474   -0.00906    0.07792    0.00333    0.00564
    0.08032    0.01169    0.00232    0.09097    0.00325    0.02280    0.09550
    0.01746    0.03494    0.08472    0.02139    0.02376    0.07439    0.02940
    0.02823    0.07406    0.03032   -0.01033    0.06611    0.03384   -0.01511
    0.00378    0.02372    0.01097   -0.04796    0.01802    0.02980   -0.07895
    0.09102   -0.05012   -0.08102    0.09758   -0.05425   -0.08435    0.09709
   -0.04766   -0.08634    0.09647   -0.04542   -0.11496    0.05199   -0.14737
   -0.11352    0.06021   -0.16246   -0.11813    0.05149   -0.22568   -0.11556
    0.03631   -0.31144   -0.06402    0.00090   -0.06740   -0.05789    0.01169
   -0.08138   -0.06089    0.00344   -0.09914   -0.05203    0.00705   -0.10994
   -0.00621   -0.00774    0.00982    0.06236   -0.01183    0.05127    0.08409
    0.00448    0.10689    0.17962    0.02577    0.29497   -0.00302   -0.00837
   -0.05560    0.00360   -0.00177   -0.03600    0.00873   -0.00678   -0.03816
    0.00833   -0.01841   -0.04495    0.01254   -0.00059   -0.03147    0.01848
   -0.00241   -0.03285    0.03158   -0.00568   -0.03556    0.04558   -0.00663
   -0.03872    0.02573   -0.00700   -0.03373    0.02997   -0.00893   -0.03216
    0.03433   -0.01291   -0.01427    0.03861   -0.02494   -0.01863    0.03088
   -0.00398    0.00606    0.02727   -0.01237    0.02190    0.01490   -0.03077
    0.04811    0.03028   -0.04023    0.08030
 ****
    9     0.37754
    0.01369   -0.04908    0.04385    0.02276   -0.04665    0.05162    0.02423
   -0.04518    0.05621    0.00930   -0.04284    0.06270    0.04364    0.10224
   -0.00872    0.06521    0.09316   -0.01675    0.06766    0.07612   -0.03769
    0.09518    0.02650   -0.01485    0.03629    0.11132   -0.08120    0.03604
    0.07766   -0.10471    0.02848    0.05689   -0.12074    0.01464    0.06089
   -0.12583    0.03557    0.03519   -0.12603    0.01670    0.03050   -0.11116
   -0.00878    0.01070   -0.07770   -0.03448    0.02720   -0.05267   -0.00232
   -0.02722   -0.07419   -0.01654   -0.05116   -0.03763   -0.02908   -0.03626
   -0.01082   -0.04545   -0.03534    0.01459   -0.02108   -0.02049   -0.01555
   -0.03541    0.00322    0.00210   -0.03771    0.02652    0.01086   -0.05191
    0.03605    0.02713   -0.02442    0.03624   -0.00090   -0.02424    0.06092
    0.00637   -0.02807    0.06477    0.01868   -0.01633    0.10465    0.02510
   -0.04162    0.02785    0.02565   -0.04190    0.03521    0.04818   -0.02822
    0.02875    0.05902   -0.01786    0.03907    0.06196   -0.02564    0.01223
    0.06178    0.00040    0.00958    0.04634    0.01531   -0.01624    0.03001
    0.00435   -0.04085    0.03644    0.03833   -0.01269    0.00831    0.04570
   -0.03123   -0.00852    0.02871   -0.07239   -0.02139    0.01686   -0.09487
   -0.02444   -0.01981   -0.11038    0.00835   -0.03327   -0.12124    0.03733
   -0.00271   -0.10605    0.03648    0.03686   -0.11053    0.03105    0.00119
   -0.03971    0.03421    0.00789   -0.02598    0.02222    0.01089   -0.02102
    0.01512    0.01714   -0.01420   -0.00156   -0.06458   -0.13307   -0.01620
   -0.06255   -0.12721   -0.02182   -0.07159   -0.13379   -0.07312   -0.07411
   -0.14842   -0.13134   -0.10182   -0.04096    0.11027   -0.09286   -0.04628
    0.10923   -0.07209   -0.06899    0.10458   -0.03908   -0.07403    0.10596
    0.03948    0.07131    0.07731    0.04954    0.11200    0.05388    0.02132
    0.16100    0.04509    0.01332    0.21660    0.04178    0.00967    0.13798
    0.03625   -0.01535    0.16392    0.01666   -0.02941    0.10640   -0.00885
   -0.02351    0.12947    0.00185   -0.04540    0.03343   -0.03956   -0.04786
   -0.00661   -0.05774   -0.02146   -0.01355   -0.10795   -0.06978   -0.02895
   -0.10706    0.05347   -0.00343   -0.14989    0.07347   -0.00712   -0.18774
    0.10986   -0.02223   -0.05395    0.19483   -0.04998    0.00250    0.03739
   -0.00870   -0.00513    0.02970   -0.04358    0.08788    0.01590   -0.09444
    0.14960    0.03730   -0.10262    0.20888
 ****
   10     0.33452
    0.01708    0.03857    0.03021    0.02242    0.05532    0.03942    0.03096
    0.05620    0.07206    0.01054    0.03994    0.09027    0.04023    0.03771
    0.11110    0.05770    0.04389    0.10245    0.05948    0.04241    0.08171
    0.07071    0.07035    0.05423    0.04606    0.01074    0.09021    0.04129
    0.01671    0.05532    0.05848   -0.00119    0.01364    0.05611    0.00322
    0.02313    0.07751   -0.02228   -0.03389    0.09614   -0.04065   -0.07188
    0.06798   -0.03586   -0.09871    0.10841   -0.03658   -0.10639   -0.00076
   -0.03331   -0.10865   -0.05272   -0.03617   -0.12256   -0.06913   -0.01885
   -0.06685   -0.08346   -0.01740   -0.04658   -0.06544   -0.00281   -0.04292
   -0.07686    0.01699   -0.00244   -0.05151    0.03189    0.01021   -0.04086
    0.02906    0.03167   -0.04344    0.04844   -0.00385   -0.03740    0.07050
    0.00430   -0.03548    0.08072    0.01343   -0.01886    0.12205    0.02017
   -0.05074    0.04622    0.01710   -0.05213    0.05043    0.03439   -0.04356
    0.04507    0.04533   -0.03427    0.05351    0.04665   -0.04269    0.02998
    0.04878   -0.01719    0.02493    0.03929    0.00820   -0.00002    0.02823
   -0.00172   -0.02447    0.03502    0.04158    0.00310    0.01063    0.06650
   -0.01245   -0.00179    0.05844   -0.05825   -0.00534    0.05972   -0.07283
   -0.00968   -0.01188   -0.10589    0.02365   -0.03597   -0.11337    0.04710
   -0.00794   -0.10581    0.04028    0.02593   -0.11109    0.03144    0.00768
   -0.01635   -0.02776    0.01052   -0.01114   -0.03225    0.01013   -0.01003
   -0.03124    0.01029   -0.00829   -0.03495    0.02324   -0.01279   -0.06086
    0.02103   -0.01632   -0.06753    0.01038   -0.02063   -0.09526    0.00795
   -0.03370   -0.13389    0.01164    0.00510    0.00887    0.01607   -0.00285
    0.01342    0.02226   -0.00857    0.01525    0.03529   -0.01300    0.02096
    0.01043    0.01133    0.00775   -0.02763   -0.00616   -0.00418   -0.04178
   -0.02649   -0.04930   -0.14629   -0.06824   -0.28309    0.06145    0.00540
    0.17357    0.05995   -0.00025    0.16249    0.06818   -0.00806    0.15316
    0.07156    0.00397    0.14587    0.07230   -0.02746    0.15063    0.06509
   -0.08349    0.11994    0.03069   -0.07215    0.05931    0.09729   -0.13776
    0.00857   -0.07242    0.01115    0.06146   -0.09808    0.02751    0.01079
   -0.11810    0.03373   -0.07103   -0.15696    0.05499   -0.09683   -0.08892
    0.01813   -0.10930   -0.07723    0.04226   -0.15352   -0.06000    0.06894
   -0.19177   -0.08344    0.08257   -0.23915
 ****
   11     0.31878
    0.04100    0.02912   -0.03041    0.03200    0.02313   -0.03966    0.03019
    0.02070   -0.05733    0.07142    0.02147   -0.07479   -0.06222   -0.07077
   -0.02551   -0.08260   -0.08299   -0.01360   -0.08429   -0.07410    0.01122
   -0.10570   -0.05666    0.01258   -0.05885   -0.08185    0.03132   -0.05638
   -0.05940    0.05968   -0.05390   -0.03733    0.08524   -0.04224   -0.04037
    0.09251   -0.06159   -0.01598    0.09477   -0.04729   -0.00842    0.08882
   -0.02800    0.00434    0.06849   -0.01735   -0.00833    0.05184   -0.02315
    0.03206    0.06625   -0.00457    0.05049    0.04024    0.00783    0.03577
    0.01138    0.02393    0.03471   -0.01102    0.00058    0.02044    0.01062
    0.01351   -0.00166   -0.00707    0.01294   -0.01898   -0.01411    0.02421
   -0.02665   -0.02695    0.00074   -0.02573   -0.00498    0.00147   -0.04288
   -0.00989    0.00549   -0.04491   -0.01819   -0.00007   -0.06768   -0.02151
    0.01394   -0.02205   -0.02277    0.01650   -0.02331   -0.03544    0.01223
   -0.02016   -0.04166    0.00783   -0.02468   -0.04190    0.01191   -0.01255
   -0.04472   -0.00041   -0.01184   -0.03694   -0.01261    0.00450   -0.02700
   -0.00622    0.02033   -0.03141   -0.02871    0.00242   -0.01311   -0.03422
    0.01496   -0.00213   -0.02599    0.04021    0.00344   -0.02109    0.05587
    0.00617    0.00783    0.06014   -0.01415    0.01782    0.06689   -0.03171
   -0.00329    0.05738   -0.03115   -0.03304    0.06191   -0.02503    0.06410
    0.00152   -0.06027    0.06331    0.00614   -0.06492    0.06217    0.00489
   -0.06425    0.06556    0.00649   -0.07070    0.05150   -0.05408   -0.12291
    0.05329   -0.04607   -0.13670    0.04172   -0.05619   -0.20991    0.04073
   -0.07785   -0.30285    0.00272    0.01744    0.07896    0.01157    0.01347
    0.07668    0.02890   -0.00879    0.06725    0.06383   -0.01463    0.06879
    0.06167    0.04336    0.07905    0.01970    0.01933    0.07181   -0.04670
    0.03321   -0.03687   -0.17897    0.01466   -0.32096    0.04455    0.06701
    0.18376    0.00298    0.07813    0.12083   -0.04802    0.04761    0.12003
   -0.05133    0.05270    0.15608   -0.08804    0.01510    0.07585   -0.13510
    0.00804    0.08312   -0.13696    0.00739    0.05853   -0.28217    0.02374
    0.09256    0.02882   -0.01274   -0.00135    0.06291   -0.01738   -0.04282
    0.10696    0.01560    0.00663    0.15300    0.05211    0.05680    0.09256
    0.00277   -0.00780    0.11077    0.01485    0.00933    0.12190    0.00008
    0.01766    0.15244   -0.03542    0.03820
 ****
   12     0.30529
    0.04555   -0.06230    0.00549    0.05017   -0.07387    0.00710    0.07981
   -0.07874    0.01850    0.12666   -0.10137    0.01900   -0.05087   -0.11208
    0.04359   -0.05248   -0.11549    0.04499   -0.05868   -0.07477    0.04498
   -0.07731   -0.04029    0.03249   -0.04196   -0.07229    0.05651   -0.04779
   -0.01219    0.04928   -0.00508    0.01831    0.04402    0.02899    0.01141
    0.06790   -0.00264    0.04966    0.00700    0.04470    0.06284   -0.02940
    0.06758    0.08432   -0.06536    0.14238    0.07719   -0.08415    0.00445
    0.11049   -0.07391   -0.00688    0.12691   -0.10338    0.00592    0.11019
   -0.07187    0.02792    0.11412   -0.07605   -0.00591    0.08843   -0.04475
    0.01202    0.06206   -0.03153    0.02920    0.05872   -0.02946    0.05895
    0.04685   -0.02728    0.00761    0.06903   -0.02957    0.00012    0.07370
   -0.02874    0.00811    0.10019   -0.01019    0.04663    0.18563    0.00344
   -0.02394    0.03220   -0.00582   -0.02792    0.03766    0.02243   -0.03597
    0.01977    0.06744   -0.02754    0.02942    0.06513   -0.04714   -0.00481
    0.10247   -0.01948   -0.00737    0.08540   -0.02012   -0.03395    0.06063
   -0.04747   -0.06256    0.06067    0.00871   -0.02995    0.03694    0.01165
   -0.05232    0.01584   -0.01288   -0.10440   -0.00566   -0.02894   -0.11882
   -0.00822   -0.11198   -0.16610    0.00355   -0.14099   -0.17777    0.03373
   -0.02057   -0.16202   -0.01090    0.09121   -0.16616   -0.05244    0.01958
   -0.05028   -0.00487    0.01601   -0.05494   -0.00025    0.01256   -0.06352
    0.00682    0.00725   -0.07357    0.02835   -0.01948    0.02351   -0.05016
   -0.02663    0.00643   -0.05004   -0.03894    0.00777   -0.04033   -0.04370
    0.00080   -0.04457    0.01617    0.04292   -0.05371    0.00617    0.05425
   -0.05742   -0.00778    0.06286   -0.06556   -0.02186    0.06894   -0.07357
   -0.06688   -0.02697   -0.01387   -0.04945   -0.04566    0.01243   -0.03159
   -0.05801    0.03814    0.03430   -0.06371    0.18178   -0.09148   -0.06267
   -0.09684   -0.07899   -0.07388   -0.08313   -0.08089   -0.02823   -0.05532
   -0.08594   -0.04822   -0.05023   -0.07868    0.02949   -0.03813   -0.07633
    0.09468   -0.00258   -0.04386    0.08539    0.05943   -0.09378    0.14851
    0.10008    0.04197    0.00797    0.06626    0.07620   -0.00671    0.10551
    0.08906    0.03210    0.05525    0.05749    0.07237    0.04259    0.13712
    0.02041    0.02622    0.14394    0.04182   -0.02984    0.14251    0.06600
   -0.05653    0.15217    0.05064   -0.06576
 ****
   13     0.27467
    0.06600   -0.19995    0.01635    0.09457   -0.23051    0.03551    0.18733
   -0.24031    0.10282    0.25398   -0.31100    0.13562    0.01877    0.06795
   -0.00018    0.03244    0.06912   -0.00614    0.03287    0.05839   -0.01657
    0.04173    0.06306   -0.02577    0.02400    0.04127   -0.01430    0.02591
    0.01340   -0.01334    0.00054    0.00067   -0.00401   -0.02416    0.01107
   -0.00362    0.00529   -0.02220    0.00418   -0.01608   -0.04006    0.00921
   -0.05264   -0.05100    0.01505   -0.10554   -0.05293    0.01664   -0.02660
   -0.05766    0.01756   -0.03673   -0.06414    0.02415   -0.04593   -0.05289
    0.02268   -0.05857   -0.05350    0.03825   -0.03894   -0.04010    0.00536
   -0.04901   -0.02447   -0.00687   -0.06776   -0.02675   -0.01127   -0.08142
   -0.02269   -0.02262   -0.07161   -0.03412   -0.00316   -0.09551   -0.04166
   -0.00848   -0.10371   -0.04070    0.01053   -0.18010   -0.13759   -0.00158
   -0.02792    0.06043    0.03695   -0.01109    0.08043    0.04382    0.03461
    0.08809    0.01148    0.04707    0.09955    0.02715    0.05932    0.07900
   -0.03240    0.07654    0.06683   -0.01696    0.09159    0.07970   -0.00099
    0.06753    0.09416   -0.01579    0.12539    0.07827    0.02836    0.11134
    0.09668    0.04343    0.08572    0.10841    0.01856    0.06675    0.14569
    0.03328    0.01256    0.10628   -0.06997   -0.02831    0.11722   -0.08375
   -0.10760    0.09006   -0.06350   -0.22100    0.08238   -0.02791    0.01156
   -0.08332    0.01589    0.00855   -0.08153    0.01438    0.00951   -0.07151
    0.01174   -0.00384   -0.07193    0.02390   -0.02514   -0.01585   -0.03103
   -0.03215   -0.03463   -0.02649   -0.04901   -0.03379   -0.01836   -0.05542
   -0.04331   -0.00923   -0.01332   -0.00447   -0.01329   -0.01994    0.00187
   -0.01352   -0.02300    0.00117   -0.01914   -0.02747    0.00488   -0.02618
   -0.03754   -0.02728   -0.01430   -0.02548   -0.02352   -0.00928   -0.00875
   -0.02741    0.01798    0.02199   -0.02873    0.07451   -0.02898   -0.02913
   -0.02005   -0.01960   -0.02986   -0.00361   -0.01497    0.00611    0.01519
   -0.01274    0.01349    0.02324   -0.01478    0.02467    0.02012   -0.01721
    0.03590    0.02671   -0.00739    0.03362    0.02985   -0.01040    0.03977
    0.03117    0.00560    0.02542    0.02927    0.01762    0.02260    0.02542
    0.02194    0.04597   -0.02236   -0.00272    0.07402   -0.03667    0.05468
    0.03551   -0.04607    0.06290    0.05256   -0.08293    0.06501    0.06591
   -0.10052    0.05888    0.06894   -0.11412
 ****
   14     0.26040
    0.13770   -0.06210   -0.02721    0.14537   -0.09566   -0.02995    0.18616
   -0.10280   -0.04273    0.27893   -0.12176   -0.05880   -0.01866   -0.04081
   -0.05506   -0.02497   -0.05479   -0.04879   -0.02984   -0.02907   -0.03628
   -0.04952   -0.02009   -0.02552   -0.00754   -0.01453   -0.03395   -0.00210
   -0.00319    0.00799   -0.01536    0.03449    0.07124   -0.02309    0.05110
    0.11700   -0.01463    0.04343    0.06607   -0.00788    0.04421    0.06195
   -0.02203    0.04513    0.04857   -0.02754    0.03574    0.03813   -0.03229
    0.06190    0.04496   -0.04692    0.07313    0.02171   -0.05106    0.07771
    0.00883   -0.05197    0.07168   -0.03288   -0.05447    0.08205    0.04352
   -0.04726    0.06913    0.03014   -0.04329    0.04444    0.02222   -0.07414
    0.05606    0.00331   -0.00287    0.00734    0.03532    0.03304   -0.02921
    0.03167    0.06090   -0.02619   -0.01822    0.12033   -0.01796   -0.01788
    0.01806   -0.03309   -0.06415    0.02780   -0.04134   -0.11529   -0.01515
   -0.03827   -0.10794   -0.01655   -0.04407   -0.16043   -0.05250   -0.02780
   -0.03977   -0.08759   -0.01885   -0.03195   -0.09206   -0.00388   -0.01910
   -0.06337    0.00949   -0.01233   -0.11837   -0.00740   -0.01619   -0.06503
   -0.00229   -0.00407   -0.00070    0.01048    0.05744    0.06286    0.00826
    0.04207    0.11725   -0.00118    0.19791    0.16062   -0.00173    0.19130
    0.13206    0.00117    0.19964    0.12812    0.01260    0.19609    0.07033
   -0.01155    0.01488    0.06865   -0.01838    0.01973    0.06784   -0.01514
    0.02007    0.05961   -0.01715    0.03014   -0.03511   -0.01686   -0.06210
   -0.03728   -0.02322   -0.06503   -0.05624   -0.03133   -0.11277   -0.05955
   -0.05421   -0.18697    0.00046   -0.01313    0.01566    0.01208   -0.02081
    0.01440   -0.00458   -0.00904    0.00998   -0.00114   -0.01396    0.01974
   -0.03983    0.03509    0.02606   -0.03438    0.04981    0.01814   -0.03446
    0.06470    0.03339   -0.02397    0.10110    0.09454   -0.04334    0.03444
   -0.02171   -0.03680    0.03846   -0.00791   -0.00494   -0.01454   -0.04915
   -0.01329   -0.06639   -0.11357    0.03782    0.00233   -0.00778    0.08174
   -0.03090   -0.03562    0.08032   -0.02763   -0.05106    0.21168   -0.06672
   -0.10160   -0.07051    0.01923   -0.00643   -0.08253    0.02303   -0.00563
   -0.09949    0.00756   -0.01841   -0.12170   -0.01443   -0.04281   -0.08786
    0.02063   -0.00207   -0.08328    0.02391    0.00524   -0.07778    0.01182
    0.01722   -0.09294    0.03180    0.01279
 ****
   15     0.23379
    0.05181    0.04477   -0.05586    0.05054    0.05596   -0.05417    0.06147
    0.05598   -0.03484    0.09338    0.03465   -0.03180   -0.01670   -0.01905
    0.00925   -0.03122    0.00147    0.01226   -0.03284    0.01155    0.02341
   -0.05966    0.11388   -0.03979   -0.00297   -0.08788    0.10093   -0.00530
   -0.05909    0.10601    0.00074   -0.05284    0.10197    0.00247   -0.04789
    0.11607    0.00838   -0.05479    0.07670    0.03295   -0.06619    0.03817
    0.02785   -0.04704   -0.00875    0.06275   -0.06284   -0.03652   -0.01480
   -0.01212   -0.01741   -0.03545    0.00631   -0.05721   -0.03350    0.00273
   -0.04271   -0.02729    0.00488   -0.03822   -0.03695   -0.00359   -0.03776
   -0.03231   -0.01073   -0.02956   -0.02471   -0.01334   -0.02730    0.00591
   -0.02939   -0.02594   -0.05529    0.00282   -0.02702   -0.07743    0.01010
   -0.02824   -0.09076    0.01005   -0.00316   -0.13615   -0.02180   -0.00767
   -0.05156    0.04414    0.02266   -0.04709    0.05591    0.04235   -0.01351
    0.05756    0.02865    0.00729    0.07607    0.02186   -0.00440    0.03598
    0.02262    0.03000    0.02449    0.02292    0.03086    0.02352    0.02107
   -0.01444    0.02184    0.00372    0.07900    0.02506    0.03690    0.07977
    0.03340    0.04253    0.04421    0.00799    0.00840    0.02274    0.03985
    0.01948   -0.09995   -0.04716   -0.06444   -0.15783   -0.04653   -0.05690
   -0.12766   -0.05911   -0.08007   -0.14938   -0.07074   -0.08031    0.10993
   -0.02417   -0.08941    0.12656   -0.02118   -0.09548    0.13876   -0.02096
   -0.12223    0.15972   -0.01332   -0.15218    0.16438   -0.00505   -0.02319
    0.16541   -0.00550   -0.01212    0.18142    0.00276    0.04413    0.18110
    0.02608    0.13742    0.06508    0.02246    0.01493    0.08073    0.00069
    0.02465    0.06423    0.02687    0.03752    0.07398    0.01117    0.07463
   -0.02002    0.09844    0.06454   -0.05603    0.09724    0.04914   -0.08400
    0.10220    0.01162   -0.11846    0.13892    0.02141   -0.06695    0.06271
   -0.03186   -0.07246    0.05317   -0.04745   -0.05378   -0.03191   -0.10204
   -0.06885   -0.11110   -0.17579   -0.01285   -0.01006   -0.06021    0.03518
   -0.01984   -0.07581    0.04334   -0.02074   -0.05789    0.13701   -0.02614
   -0.08141   -0.05562   -0.01564   -0.01394   -0.05472   -0.02039    0.01509
   -0.05963   -0.04141    0.05588   -0.05236   -0.07365    0.05565   -0.06976
   -0.02230    0.08914   -0.06833   -0.02931    0.12009   -0.06970   -0.05578
    0.15224   -0.05628   -0.06305    0.18068
 ****
   16     0.21972
    0.11899    0.00020    0.02233    0.12338   -0.05402    0.01505    0.18808
   -0.07145   -0.00941    0.31789   -0.09743   -0.03827   -0.10802   -0.02130
    0.04456   -0.09630   -0.02214    0.03929   -0.09521   -0.04023    0.01965
   -0.07787   -0.04077    0.00733   -0.11527   -0.05334    0.01202   -0.12241
   -0.04298   -0.02924   -0.08409   -0.02149   -0.03978   -0.04883   -0.03567
   -0.03382   -0.08872    0.01680   -0.05794   -0.05598    0.05486   -0.05552
   -0.02258    0.05389   -0.03188    0.00633    0.06561   -0.01484   -0.02081
    0.03850   -0.02972    0.01961    0.03351   -0.00488    0.05074   -0.00348
    0.01631    0.08690    0.00556    0.05020    0.03737   -0.04295   -0.00243
    0.05827   -0.07127    0.01812    0.07501   -0.04785    0.02867    0.12298
   -0.06489    0.05313    0.03814   -0.00828    0.01331    0.03766    0.01734
    0.02084    0.04308    0.04042    0.04403    0.05188    0.08639    0.05206
    0.03860    0.01045    0.05672    0.03250    0.01102    0.07882    0.03889
    0.00489    0.08650    0.03366    0.00219    0.11509    0.05249    0.00371
    0.05868    0.06650    0.00529    0.03829    0.05158   -0.01478    0.01348
    0.05006   -0.03492    0.02064    0.03179   -0.01216   -0.01499   -0.04620
   -0.03375   -0.04229   -0.09903   -0.03419   -0.09394   -0.16394   -0.06933
   -0.08766   -0.10026    0.00991   -0.16470   -0.09635    0.00375   -0.14838
   -0.04398    0.02247   -0.15277    0.00915    0.01935   -0.15529   -0.01490
    0.07339    0.06503   -0.02885    0.07376    0.06639   -0.03251    0.07803
    0.07441   -0.04733    0.06980    0.10179   -0.08277    0.10867    0.00615
   -0.09456    0.08544   -0.00539   -0.11934    0.08290   -0.01775   -0.12862
    0.06392   -0.04281    0.04724   -0.00694   -0.01686    0.04673   -0.00309
   -0.02108    0.03684    0.01009   -0.01870    0.02744    0.00886   -0.01297
    0.08383    0.04703   -0.00934    0.08034    0.03464   -0.00488    0.07750
    0.02234   -0.02122    0.02732    0.01330   -0.11033    0.13041    0.02313
    0.06042    0.11891    0.01924    0.03618    0.09942   -0.01178    0.02439
    0.09506   -0.01732    0.03227    0.08491   -0.02914    0.00449    0.05533
   -0.06578   -0.00995   -0.00903   -0.05017   -0.03399   -0.01127   -0.08525
   -0.04663   -0.06147   -0.00026   -0.03901   -0.09361    0.01054   -0.05467
   -0.10305   -0.01611   -0.01555   -0.09526   -0.05182   -0.01725   -0.11623
    0.00439    0.02119   -0.10303    0.00333    0.07259   -0.08124   -0.03551
    0.10358   -0.08386   -0.02710    0.11215
 ****
   17     0.21263
    0.06648    0.10799   -0.00430    0.05372    0.12482   -0.01105    0.03379
    0.12630   -0.01939    0.03495    0.13299   -0.02903   -0.08999    0.03334
    0.08997   -0.06266    0.07378    0.07194   -0.05806    0.04051    0.02872
   -0.02907    0.09321   -0.03257   -0.08998   -0.04618    0.05524   -0.09864
   -0.05593   -0.01199   -0.06395   -0.05337   -0.04455   -0.04248   -0.05861
   -0.03130   -0.05615   -0.03926   -0.08559   -0.02621   -0.00801   -0.08719
   -0.00799   -0.01688   -0.05516    0.03275    0.00516   -0.02509   -0.03079
   -0.05379   -0.05604   -0.00895   -0.07467   -0.01402    0.00794   -0.09516
    0.03783    0.02633   -0.08673    0.09539    0.00134   -0.11570    0.02151
    0.00718   -0.11823    0.07818    0.04833   -0.07165    0.10490    0.10075
   -0.08811    0.15867    0.03584   -0.01420    0.06889    0.07445    0.03044
    0.08738    0.09615    0.05814    0.08427    0.14291    0.11920    0.09575
    0.05988    0.01143    0.06826    0.04213   -0.01270    0.05237    0.02309
    0.00663    0.00893    0.01189   -0.00951   -0.00918    0.01961    0.03785
   -0.00709    0.00230    0.04955   -0.02856   -0.01473    0.03936   -0.04449
    0.01046    0.02951   -0.02934   -0.05889    0.03947   -0.07411   -0.09991
    0.01850   -0.09487   -0.09146    0.04095   -0.08617   -0.09398    0.01979
   -0.08963   -0.01010    0.08486   -0.05592    0.02190    0.08308   -0.05436
    0.04551    0.09778   -0.05488    0.08575    0.10790   -0.06017    0.08389
   -0.06907   -0.00560    0.08313   -0.07081   -0.00431    0.08385   -0.06551
   -0.00654    0.07542   -0.06848    0.00514    0.01343   -0.16116    0.02279
    0.01196   -0.16949    0.03456   -0.00596   -0.17155    0.02525   -0.01322
   -0.18719    0.00621   -0.02714   -0.04870    0.07999   -0.02923   -0.05418
    0.08723   -0.01616   -0.06873    0.08779    0.00299   -0.07258    0.09024
   -0.06971   -0.05815    0.03126   -0.06882   -0.01967    0.00537   -0.07333
    0.01361    0.02758   -0.03264    0.06319    0.13005   -0.12054   -0.01500
   -0.06575   -0.11108    0.00025   -0.03505   -0.08096    0.01240   -0.03894
   -0.08172   -0.00485   -0.07241   -0.04880    0.04242   -0.00219   -0.00582
    0.05748   -0.00343    0.05520    0.04427    0.00577    0.14721    0.04804
   -0.01623    0.00220    0.03188    0.03690    0.02239    0.02519    0.04956
    0.01731    0.04410   -0.01413   -0.01990    0.06612   -0.04018    0.05352
    0.03383   -0.04031    0.04846    0.04318   -0.09231    0.04199    0.07941
   -0.13058    0.01065    0.10591   -0.16987
 ****
   18     0.20277
   -0.08327   -0.06992    0.06394   -0.08371   -0.05318    0.06790   -0.10043
   -0.04774    0.08579   -0.17017   -0.03891    0.10666    0.02412    0.02232
    0.05924    0.04131    0.01850    0.05246    0.04485   -0.00014    0.03271
    0.07902   -0.08647    0.07542    0.00646    0.07415   -0.03219    0.00471
    0.04798   -0.06264    0.00656    0.01479   -0.10234    0.00828   -0.00134
   -0.15040   -0.00105    0.00836   -0.07157   -0.03139    0.01698   -0.03120
   -0.02642   -0.00629    0.02496   -0.07226    0.01516    0.06062    0.03245
   -0.05286    0.03649    0.05918   -0.08016    0.09121    0.04969   -0.06746
    0.06310    0.02855   -0.06793    0.09243    0.06301   -0.05113    0.00953
    0.04434   -0.02421   -0.01048    0.01033   -0.00447   -0.01231   -0.00334
    0.00364   -0.00888    0.00285    0.00447   -0.01693    0.00128    0.01952
   -0.01377    0.00328    0.02810   -0.00519    0.01854    0.06547    0.00248
   -0.01019   -0.00342   -0.00296   -0.01506   -0.00476    0.00876   -0.00586
    0.00148   -0.00917    0.00002    0.00540   -0.02238   -0.00599    0.00137
   -0.00798   -0.00490    0.00107   -0.00751    0.00226    0.00118   -0.00509
    0.00982    0.00158   -0.00333    0.00047    0.00154   -0.00425   -0.00053
    0.00315   -0.00358   -0.00000    0.00787   -0.00331    0.00081    0.01258
   -0.00277   -0.00355    0.01510   -0.02200   -0.00031    0.01671   -0.02628
    0.01324    0.01655   -0.03365    0.04630    0.02185   -0.05143   -0.03923
   -0.02966    0.05370   -0.05095   -0.03032    0.05570   -0.06385   -0.04512
    0.08316   -0.07649   -0.05811    0.11575    0.00101    0.04072   -0.07550
   -0.00610    0.03706   -0.10680   -0.02242    0.02937   -0.16748   -0.02363
    0.00425   -0.29262    0.18897    0.09642   -0.03860    0.19744    0.07852
   -0.02793    0.16765    0.11581   -0.01598    0.17923    0.09628    0.03165
    0.04028    0.14245    0.11826   -0.02534    0.07282    0.13691   -0.09343
    0.05459    0.01419   -0.19915    0.05970   -0.07693   -0.03115    0.03102
    0.01243   -0.05462    0.00377   -0.04878   -0.06211   -0.11803   -0.11676
   -0.10465   -0.29832   -0.22639   -0.00933   -0.01343   -0.04536    0.03332
    0.01122   -0.04157    0.04146    0.01150    0.01826    0.09310    0.04559
    0.01631   -0.01220   -0.02283    0.07251   -0.00950   -0.02719    0.11702
   -0.02259   -0.02511    0.08810   -0.04386   -0.01652    0.08594   -0.00393
   -0.03019    0.06344   -0.00002   -0.01665    0.03068    0.01276    0.01371
   -0.00653    0.01603    0.00018   -0.03687
 ****
   19     0.18769
    0.04543    0.11729    0.08613    0.02966    0.08977    0.06778    0.01283
    0.07925   -0.00759    0.04583    0.12153   -0.05682    0.01935   -0.02781
    0.04732    0.01785   -0.12753    0.06515    0.02174   -0.15108    0.08255
    0.06155   -0.38537    0.24437   -0.02066    0.08779   -0.08410   -0.01669
    0.06648   -0.07409   -0.01750    0.04649   -0.08869   -0.00411    0.02000
   -0.14699   -0.03729    0.05998   -0.03254   -0.06646    0.06395    0.00198
   -0.05722    0.05490    0.02925   -0.12107    0.05326    0.03445    0.01556
    0.05065    0.04094    0.03911    0.05002    0.05413    0.04019    0.05147
    0.00296    0.03967    0.04726   -0.04287    0.04220    0.05519    0.00782
    0.04237    0.05428   -0.03777    0.00430    0.03066   -0.05750   -0.04323
    0.04993   -0.09576    0.01743   -0.01105   -0.03256   -0.01865   -0.03591
   -0.04582   -0.05753   -0.09209   -0.04534   -0.13774   -0.20117   -0.06726
   -0.00338   -0.02073   -0.02116    0.00751   -0.00418   -0.01003    0.02675
   -0.01906    0.02106    0.03139   -0.00835    0.04459    0.03715   -0.03936
    0.01942    0.04691   -0.04484    0.02935    0.04645   -0.03902    0.03299
    0.02722   -0.03399    0.02099    0.06263   -0.03831    0.04887    0.04519
   -0.02687    0.05536    0.00666   -0.03214    0.01568   -0.03281   -0.02953
    0.02424   -0.04960   -0.03303   -0.06176   -0.07252   -0.03533   -0.05426
   -0.09090   -0.03769   -0.03604   -0.14344   -0.05872   -0.00356    0.04041
    0.06926    0.02667    0.03944    0.08251    0.01661    0.03989    0.08429
    0.01600    0.04735    0.09007    0.00161    0.03222   -0.01691    0.00704
    0.02989   -0.01778   -0.00261    0.02292   -0.02206   -0.02901    0.01976
   -0.03020   -0.03990   -0.03195   -0.04976    0.10344   -0.03465   -0.04366
    0.10108   -0.00883   -0.07597    0.09136    0.01927   -0.07447    0.07751
   -0.03180   -0.11619    0.00938   -0.01672   -0.08174   -0.00851   -0.02744
   -0.03817    0.00549    0.00783   -0.00288    0.04700   -0.07513   -0.04063
   -0.02603   -0.07559   -0.00954    0.00335   -0.05737    0.01507    0.01258
   -0.05391    0.01203    0.00159   -0.04185    0.03836    0.03379   -0.02263
    0.00680    0.01417    0.06324   -0.00944   -0.04332    0.27703   -0.06898
   -0.12174   -0.10241    0.04566   -0.00522   -0.05171    0.03323   -0.03369
   -0.02822    0.06572   -0.05483   -0.07152    0.06940   -0.09748    0.03482
    0.08639   -0.02564    0.05824    0.10941   -0.02716    0.07577    0.08940
   -0.01744    0.08156    0.08378   -0.01098
 ****
   20     0.17495
    0.01477    0.07016   -0.05863    0.00398    0.06789   -0.06882   -0.01918
    0.06866   -0.09551   -0.02535    0.08880   -0.10999    0.02572   -0.01136
   -0.09718    0.02286    0.01143   -0.10157    0.01726    0.03955   -0.10229
   -0.00926    0.12049   -0.14938    0.04428   -0.02468   -0.04720    0.04580
   -0.01077   -0.02361    0.03777    0.02951    0.03093    0.03111    0.05255
    0.09220    0.04433    0.03278    0.00096    0.06275    0.02567   -0.02779
    0.05910    0.04718   -0.07642    0.10739    0.02761   -0.11169   -0.00506
    0.08831   -0.08504   -0.04555    0.11364   -0.13639   -0.02928    0.09121
   -0.06732    0.00873    0.09521   -0.11068   -0.05136    0.06366    0.03685
   -0.02214    0.02435    0.06668    0.02389   -0.01186    0.06297    0.00938
   -0.00778    0.04621    0.06157   -0.05228    0.07873    0.04157   -0.09098
    0.06539    0.00989   -0.14494    0.04828   -0.09845   -0.33568    0.01084
    0.09205    0.00443    0.06013    0.09885   -0.00055    0.01890    0.07958
   -0.00159    0.02955    0.06743   -0.01047    0.03298    0.07833    0.01077
    0.03192    0.06006    0.01982    0.02685    0.03972    0.01728    0.01524
    0.01325    0.01111    0.00777    0.04411    0.01842    0.00664    0.01458
    0.01096   -0.00605   -0.02160   -0.00586   -0.04308   -0.06340   -0.03104
   -0.04050   -0.05509   -0.02176   -0.01609   -0.09179   -0.03766    0.03408
   -0.13506   -0.02024    0.08818   -0.24893   -0.05702    0.17427   -0.05518
   -0.00656    0.05399   -0.07901   -0.01342    0.06421   -0.08956   -0.00890
    0.08936   -0.11765   -0.01914    0.13122   -0.09977   -0.02533    0.06258
   -0.10988   -0.04349    0.05500   -0.14258   -0.04765    0.02107   -0.15329
   -0.07549   -0.03972    0.06934   -0.02978    0.04635    0.07332   -0.03799
    0.05108    0.08448   -0.04542    0.05652    0.11414   -0.05775    0.07641
    0.08727    0.00078    0.06179    0.07044   -0.00869    0.05990    0.01386
    0.02289   -0.01503   -0.04581    0.05819   -0.09989    0.03333    0.01038
    0.01445    0.00149    0.02790   -0.02246   -0.02061   -0.03970   -0.05610
   -0.04720   -0.13389   -0.10062   -0.00233    0.01268   -0.02925    0.00816
    0.03779   -0.01859    0.01791    0.03675    0.02152   -0.01255    0.07546
    0.03961    0.05733   -0.00546    0.03675    0.04349   -0.00332    0.06563
    0.02477   -0.01504    0.04054    0.02570   -0.00869    0.04878    0.00839
   -0.03200    0.00780   -0.01202   -0.04219   -0.02608   -0.02083    0.00169
   -0.06839   -0.06375    0.04047   -0.11974
