 Eigenvector file: COVAR nmodes 20 width 11
  228  228
   46.71549   41.22286   38.31760   48.07721   41.09852   38.74983   48.36567
   41.80818   40.02339   48.14914   42.96682   40.15137   49.23780   35.24807
   40.50574   49.02789   36.49113   39.83418   50.25867   37.33556   39.60063
   50.23195   38.50708   39.67432   51.38132   36.75070   39.30585   52.64499
   37.41152   39.09864   52.82981   37.89878   37.70123   52.28270   37.37529
   36.76876   53.62401   38.93996   37.51456   53.86678   39.55163   36.25119
   54.53323   38.66774   35.24535   54.26174   38.70420   34.10948   55.39628
   37.80360   35.64907   56.04333   36.84453   34.81714   55.14775   35.83798
   34.19608   55.39155   35.37365   33.11949   54.05833   35.48913   34.85236
   53.08396   34.56419   34.36153   52.22879   35.15149   33.25494   51.68923
   34.44758   32.43165   52.13170   36.47994   33.17822   51.41072   37.19312
   32.15678   52.05533   37.09365   30.79126   51.40704   37.20771   29.78217
   53.36157   36.84795   30.73268   54.11029   36.74796   29.51785   54.09255
   35.37787   28.89306   54.56866   35.18918   27.81600   53.51815   34.38328
   29.54581   53.33266   33.04546   29.04277   52.31655   32.97872   27.90558
   51.46530   33.84381   27.84406   52.34416   32.03020   26.97616   51.55972
   32.04484   25.75954   50.07472   32.28975   25.84962   49.54422   32.97598
   25.00899   48.65817   33.75776   28.43762   48.56113   34.92355   29.29059
   48.43940   34.62008   30.73711   48.10856   35.47762   31.51637   45.26983
   39.86621   33.70409   45.73188   38.49648   33.69158   44.66558   37.50370
   34.11754   44.59324   36.39564   33.62436   43.67584   41.12690   27.86136
   44.99484   41.15086   27.25684   45.06079   40.51595   25.89262   45.88437
   40.86105   25.08183   46.80329   47.21554   26.86958   46.76304   45.77030
   26.92770   45.74577   45.18575   25.98734   45.92225   44.11691   25.45143
   47.21897   44.78810   22.56065   48.24430   43.80030   22.49722   49.53185
   44.14516   23.11480   50.43774   43.68869   22.80908   49.66164   44.94672
   24.01227   50.85583   45.30438   24.72227   50.84594   44.72626   26.09123
   49.84195   44.34475   26.58606   51.98034   44.63597   26.74355   52.08915
   44.22685   28.10182   52.27724   45.38579   29.03162   52.37284   45.23038
   30.19315   52.31902   46.59009   28.54182   52.51020   47.79048   29.30033
   51.24849   48.24924   29.97017   50.21181   48.29907   29.39022   51.31334
   48.59667   31.23703   50.21246   49.09004   32.00806   50.22715   50.58197
   32.04281   51.12537   51.19480   32.51723
 ****
    1    12.99421
   -0.01353    0.06670   -0.03762   -0.01062    0.07427   -0.04603   -0.00563
    0.08192   -0.05213   -0.00933    0.08140   -0.05709    0.01754    0.09133
   -0.04181    0.00781    0.08501   -0.05144    0.00357    0.09033   -0.06137
   -0.00017    0.09011   -0.06208    0.00400    0.09548   -0.06964    0.00006
    0.10200   -0.08033   -0.00759    0.08695   -0.08662   -0.00465    0.07100
   -0.07882   -0.01818    0.09134   -0.10127   -0.02896    0.07950   -0.10870
   -0.02978    0.07340   -0.10348   -0.03922    0.05681   -0.10057   -0.01956
    0.08592   -0.10114   -0.01832    0.08199   -0.09500   -0.01484    0.07056
   -0.08019   -0.01642    0.06044   -0.07631   -0.01026    0.07174   -0.07179
   -0.00723    0.06211   -0.05854   -0.01526    0.04774   -0.05990   -0.01647
    0.03716   -0.04979   -0.02113    0.04672   -0.07332   -0.02694    0.03320
   -0.07855   -0.02831    0.02198   -0.08072   -0.03077    0.00619   -0.08343
   -0.02639    0.02911   -0.07896   -0.02722    0.01827   -0.07984   -0.02402
    0.00994   -0.06508   -0.02787    0.00012   -0.06588   -0.01705    0.01365
   -0.05133   -0.01501    0.00702   -0.03709   -0.01984   -0.00785   -0.03234
   -0.02336   -0.01123   -0.03673   -0.02080   -0.01733   -0.02349   -0.02866
   -0.03347   -0.01929   -0.02929   -0.03876   -0.01205   -0.03740   -0.04814
   -0.01494   -0.01884   -0.02487   -0.01145   -0.01850   -0.02053   -0.01735
   -0.01476   -0.01296   -0.01515   -0.01741   -0.00995   -0.01881   -0.00368
    0.00020   -0.02487   -0.00246    0.00114   -0.01988    0.00086    0.00244
   -0.00979    0.00168   -0.00074   -0.00197   -0.01433   -0.06626   -0.02863
   -0.01611   -0.06497   -0.03254   -0.01787   -0.06684   -0.03175   -0.02039
   -0.06760   -0.03399    0.02748   -0.05891    0.03482    0.02504   -0.05651
    0.05970    0.03920   -0.07312    0.05624    0.04903   -0.08037    0.07628
    0.08523   -0.15575    0.11329    0.08100   -0.15945    0.16149    0.07185
   -0.14425    0.17101    0.07035   -0.14812    0.19930    0.06557   -0.12611
    0.14794    0.05638   -0.10763    0.15336    0.04762   -0.08472    0.16363
    0.04243   -0.07271    0.16639    0.04591   -0.07680    0.16989    0.03892
   -0.05520    0.17764    0.02610   -0.03859    0.15839    0.01384   -0.01816
    0.16202    0.02883   -0.04719    0.13687    0.01891   -0.03398    0.11630
    0.01067   -0.02144    0.09154    0.01950   -0.03318    0.07950   -0.00674
    0.00314    0.08354   -0.01646    0.01675    0.06017   -0.01723    0.01572
    0.03523   -0.02454    0.02290    0.03635
 ****
    2     8.88033
   -0.03958    0.06079   -0.04435   -0.03996    0.07528   -0.04511   -0.04579
    0.08504   -0.05305   -0.05831    0.08056   -0.06071    0.02261    0.06795
   -0.07257    0.03197    0.05767   -0.09087    0.03308    0.05177   -0.09741
    0.03215    0.05306   -0.11562    0.03489    0.04522   -0.08229    0.03605
    0.04109   -0.08175    0.05326    0.00024   -0.09146    0.04313   -0.01040
   -0.07965    0.08177   -0.02461   -0.11423    0.11403   -0.07136   -0.13043
    0.10378   -0.12251   -0.09374    0.11350   -0.14841   -0.10804    0.08167
   -0.13775   -0.04406    0.05789   -0.19107   -0.00344    0.02745   -0.18503
    0.02849    0.00298   -0.21068    0.03276    0.02842   -0.14974    0.05185
   -0.00567   -0.12836    0.07637   -0.00184   -0.11779    0.07855   -0.00840
   -0.11009    0.07675    0.00801   -0.11700    0.08474    0.00990   -0.10578
    0.09073    0.01544   -0.08879    0.09295    0.02135   -0.07272    0.09291
    0.01451   -0.09164    0.09447    0.02034   -0.07622    0.09662    0.01561
   -0.06554    0.07488    0.01732   -0.05121    0.07438    0.00959   -0.07189
    0.05719    0.00491   -0.06367    0.03888    0.00671   -0.04511    0.03651
    0.01041   -0.04120    0.04506    0.00557   -0.03372    0.02519    0.01343
   -0.01330    0.02121    0.01417   -0.00823    0.01446    0.02179   -0.00247
    0.01489   -0.00024   -0.00738    0.00198   -0.00424   -0.00965    0.00448
   -0.00965   -0.01603    0.00235   -0.01526   -0.02182    0.00527   -0.03097
    0.02765   -0.05767   -0.02547    0.03021   -0.05891   -0.01549    0.02692
   -0.04448   -0.00602    0.02054   -0.03008   -0.03756    0.00480   -0.06088
   -0.04032    0.00762   -0.06493   -0.04322    0.00917   -0.06489   -0.05050
    0.01492   -0.06851   -0.04811    0.03294   -0.01759   -0.03761    0.03372
   -0.00188   -0.02416    0.01500   -0.00425   -0.00960    0.01165    0.00796
    0.00606   -0.02627    0.03322    0.01106   -0.02186    0.06610    0.00489
    0.00362    0.06468    0.00774    0.00571    0.08361   -0.00364    0.02439
    0.04249   -0.00982    0.05229    0.03858   -0.00308    0.07729    0.04927
    0.00095    0.08363    0.05897   -0.00141    0.09317    0.04832    0.00518
    0.11397    0.05456   -0.01273    0.13025    0.03977   -0.01293    0.14793
    0.04218   -0.02834    0.12433    0.02369   -0.04658    0.13882    0.00764
   -0.05475    0.12722   -0.00174   -0.05642    0.10157   -0.00512   -0.05994
    0.14618   -0.00601   -0.06848    0.13931   -0.01555   -0.08807    0.13945
   -0.03139   -0.09940    0.15631   -0.03229
 ****
    3     4.31845
   -0.04468    0.08560    0.05127   -0.04936    0.09687    0.06116   -0.06646
    0.09865    0.05853   -0.08498    0.09094    0.05727   -0.01033    0.08489
   -0.10800   -0.00501    0.07327   -0.13025   -0.00351    0.07774   -0.11907
   -0.00450    0.07834   -0.11240   -0.00064    0.08154   -0.11578    0.00141
    0.08914   -0.09818    0.02495    0.06868   -0.10173    0.02345    0.06733
   -0.10241    0.04957    0.05128   -0.10474    0.08465    0.02418   -0.11169
    0.07830   -0.00967   -0.08548    0.08443   -0.01621   -0.11003    0.06358
   -0.03191   -0.03406    0.04282   -0.07241   -0.00278    0.01579   -0.06061
    0.01458   -0.00163   -0.07679    0.01661    0.01241   -0.03129    0.02789
   -0.01554   -0.00979    0.04095   -0.00493    0.00304    0.03785   -0.00741
    0.01110    0.03198    0.00769    0.00523    0.04350    0.02294    0.02002
    0.04074    0.02931    0.01024    0.04215    0.03413    0.00383    0.03630
    0.03043    0.00984    0.05087    0.03896    0.00725    0.05491    0.03418
    0.00866    0.05018    0.03651    0.01049    0.05039    0.02729    0.00806
    0.04516    0.01974    0.01115    0.03766    0.02431    0.02337    0.03228
    0.02817    0.02743    0.03428    0.02434    0.02958    0.02554    0.03164
    0.04293    0.02048    0.03184    0.04892    0.01352    0.03974    0.05720
    0.01492    0.01915    0.04260    0.00823    0.01669    0.03838    0.01376
    0.00528    0.03025    0.01071   -0.00303    0.02445    0.01257   -0.01238
    0.05110   -0.01168   -0.01272    0.05203   -0.02830   -0.00724    0.04772
   -0.02605   -0.00110    0.04682   -0.02364    0.02316    0.05926    0.02910
    0.03030    0.05263    0.04250    0.04026    0.05461    0.04130    0.04888
    0.05397    0.04846    0.02714    0.02245    0.00056    0.00893    0.02219
   -0.02276   -0.00070    0.04985   -0.02973   -0.01550    0.05620   -0.04778
   -0.00818    0.11680   -0.07158   -0.01208    0.11259   -0.11058   -0.01648
    0.07351   -0.08016   -0.02159    0.09411   -0.09736   -0.01475    0.01439
   -0.03459   -0.02000   -0.03224   -0.00133   -0.05817   -0.08037   -0.02070
   -0.07437   -0.09546   -0.05917   -0.07426   -0.10751    0.00490   -0.11258
   -0.14707   -0.00385   -0.10383   -0.17708    0.02978   -0.13459   -0.21022
    0.02747   -0.06010   -0.16586    0.06183   -0.03494   -0.19276    0.09543
   -0.02729   -0.16174    0.08774   -0.01190   -0.10957    0.07542   -0.03814
   -0.19283    0.09482   -0.03010   -0.16745    0.09053    0.01347   -0.16915
    0.11309    0.02919   -0.20474    0.12671
 ****
    4     3.00295
    0.04234   -0.06683   -0.12662    0.05218   -0.09079   -0.15489    0.08407
   -0.11881   -0.13975    0.11751   -0.10962   -0.11678    0.06237   -0.08463
   -0.04171    0.05274   -0.07841   -0.03551    0.04878   -0.06670   -0.02628
    0.03039   -0.05560   -0.03542    0.06616   -0.06708   -0.00857    0.06137
   -0.04956    0.00124    0.05269   -0.02293    0.00603    0.04093   -0.00378
   -0.00141    0.05803   -0.02119    0.01816    0.05432   -0.00307    0.02245
    0.03839   -0.00069    0.00221    0.00939    0.01649   -0.02069    0.05644
   -0.01864    0.01087    0.03369   -0.02667   -0.00548    0.00882   -0.02062
    0.01263   -0.03184   -0.00262   -0.00957    0.03242   -0.03499    0.05486
    0.00814   -0.02459    0.07374   -0.02450   -0.00511    0.10624   -0.02817
    0.01006    0.09501   -0.05029   -0.00301    0.14865   -0.08316    0.01805
    0.18386   -0.10659    0.07135    0.16702   -0.12805    0.08812    0.18207
   -0.10039    0.09973    0.13500   -0.11736    0.15968    0.11709   -0.08773
    0.17635    0.07524   -0.08895    0.22105    0.06481   -0.05981    0.14076
    0.05008   -0.02756    0.14879    0.01215   -0.02132    0.15259    0.00480
   -0.03956    0.13779    0.01831    0.00356    0.17130   -0.01581    0.00571
    0.17706   -0.01888   -0.00058    0.14758   -0.02090   -0.00880    0.15982
   -0.00808   -0.03948    0.08396   -0.01949   -0.05999    0.07659   -0.01076
   -0.04060    0.05994   -0.01132   -0.04502    0.04773    0.00142    0.01821
   -0.02096   -0.05347    0.01398   -0.02340   -0.05258    0.00989   -0.01874
   -0.05212    0.00307   -0.01731   -0.05467   -0.01382   -0.01718   -0.07959
   -0.01804   -0.01117   -0.08794   -0.02598   -0.00582   -0.09053   -0.02870
   -0.00518   -0.09248    0.02247   -0.02944   -0.03228    0.01364   -0.02853
   -0.02605    0.01296   -0.02657   -0.02623    0.00815   -0.02976   -0.02108
    0.01545   -0.07685   -0.00299    0.00535   -0.08755    0.01409    0.00547
   -0.09341    0.01823    0.00253   -0.09973    0.02556    0.00858   -0.09113
    0.01336    0.00937   -0.09339    0.01424    0.00171   -0.08293    0.01939
   -0.00345   -0.07574    0.01958    0.00090   -0.08131    0.02368   -0.00527
   -0.06675    0.02912   -0.00411   -0.05524    0.01464   -0.01666   -0.04048
    0.01867    0.01125   -0.06168   -0.00295    0.01543   -0.05259   -0.01870
    0.01594   -0.03602   -0.02717    0.01696   -0.03983   -0.02896    0.01545
   -0.01713   -0.03257    0.01586   -0.00267   -0.04026    0.02010   -0.00190
   -0.05820    0.02262    0.00156   -0.06573
 ****
    5     2.06420
    0.03228    0.08315   -0.10980    0.03240    0.07992   -0.11068    0.03941
    0.09378   -0.11919    0.04796    0.09699   -0.13294    0.00124    0.06160
    0.14219    0.03572    0.07508    0.16814    0.05028    0.02964    0.14095
    0.07533    0.02651    0.09759    0.03378   -0.01016    0.16553    0.04702
   -0.06802    0.13608    0.04202   -0.07403    0.13901    0.02888   -0.06605
    0.14931    0.05145   -0.08726    0.13152    0.03987   -0.08231    0.13661
    0.03481   -0.07203    0.12629    0.05729   -0.07117    0.16579    0.00667
   -0.06192    0.07096    0.01757   -0.03535    0.05124    0.03193   -0.02339
    0.01854    0.05799   -0.01581    0.02509    0.01560   -0.02161   -0.01740
    0.03104   -0.01970   -0.04465    0.04637   -0.01209   -0.04954    0.03751
   -0.00689   -0.04647    0.06855   -0.01247   -0.05746    0.07294   -0.00895
   -0.05551    0.06711   -0.00887   -0.05376    0.06724    0.01332   -0.04710
    0.05989   -0.03558   -0.06092    0.05174   -0.04459   -0.06253    0.02800
   -0.04199   -0.06335    0.02459   -0.05060   -0.06211    0.01087   -0.03000
   -0.06447   -0.00979   -0.02647   -0.06216   -0.01677   -0.01145   -0.05605
   -0.00426    0.00071   -0.05124   -0.03610   -0.01103   -0.05606   -0.04104
    0.00253   -0.05181   -0.03744    0.01807   -0.04257   -0.03586    0.02207
   -0.03978   -0.00488    0.02927   -0.02881    0.01283    0.03228   -0.03115
    0.01871    0.03933   -0.02990    0.04148    0.04778   -0.03103    0.01280
    0.08758   -0.05382    0.01343    0.08759   -0.03660    0.00857    0.09264
   -0.03610    0.00626    0.09089   -0.03147   -0.01049    0.06265   -0.11067
   -0.01681    0.05511   -0.12233   -0.03325    0.05879   -0.12313   -0.04499
    0.06200   -0.13155    0.01658    0.05487   -0.07227    0.00494    0.05638
   -0.05959    0.01419    0.05304   -0.06689    0.01787    0.05013   -0.05840
    0.02838   -0.00645   -0.06772    0.02318   -0.01109   -0.05873    0.00881
   -0.02784   -0.02068    0.00951   -0.00019   -0.01720   -0.00520   -0.07370
    0.00850   -0.02104   -0.09366    0.04470   -0.08203   -0.08865    0.04911
   -0.10611   -0.09291    0.00519   -0.10941   -0.08178    0.10175   -0.17217
   -0.06547    0.11439   -0.16331   -0.05552    0.10128   -0.20610   -0.04145
    0.11233   -0.10536   -0.06242    0.07703   -0.07696   -0.05690    0.06182
   -0.06558   -0.00630    0.04955   -0.06246    0.01210    0.04714   -0.05824
    0.01873    0.04198   -0.04498    0.06389    0.03222   -0.01125    0.06348
    0.00060   -0.00100    0.05222   -0.00683
 ****
    6     1.66994
    0.06313   -0.05844   -0.17110    0.08028   -0.08957   -0.22201    0.13823
   -0.11488   -0.21190    0.18884   -0.10010   -0.19117    0.05943   -0.05569
   -0.04014    0.03689   -0.05468   -0.04400    0.02841   -0.03596   -0.04515
    0.00347   -0.02436   -0.06248    0.04949   -0.02924   -0.02738    0.04008
   -0.00141   -0.02528    0.01530    0.03808   -0.02084    0.00695    0.05437
   -0.02963    0.00277    0.05401   -0.00800   -0.01907    0.08195   -0.00318
   -0.02600    0.09942   -0.02976   -0.06386    0.11962   -0.05488    0.01069
    0.09025   -0.02326    0.00158    0.09630   -0.04350   -0.00519    0.08246
   -0.02035   -0.02972    0.08743   -0.03309    0.01518    0.06446    0.01448
    0.01391    0.04506    0.04262   -0.01481    0.02182    0.05046   -0.01865
    0.00498    0.06589   -0.03363    0.02085    0.03774   -0.05125    0.00293
    0.03637   -0.07414   -0.02613    0.02433   -0.09288   -0.05285    0.03013
   -0.07175   -0.02047    0.00870   -0.08968   -0.03743   -0.00321   -0.06628
   -0.05831    0.03684   -0.05930   -0.08226    0.04125   -0.05335   -0.05070
    0.06539   -0.03104   -0.06859    0.09938   -0.02051   -0.11482    0.09152
   -0.02705   -0.12317    0.05629   -0.00271   -0.14470    0.12073    0.01175
   -0.19001    0.10918    0.01152   -0.17697    0.07616    0.03081   -0.19932
    0.04594   -0.02560   -0.08737    0.00872   -0.03327   -0.06366   -0.02389
   -0.02356   -0.02456   -0.01397   -0.02490   -0.00401   -0.03595    0.04000
   -0.03105   -0.02999    0.02536   -0.03734   -0.02598    0.01166   -0.02408
   -0.02736   -0.00935   -0.02011   -0.03540    0.05934    0.02995    0.03191
    0.06129    0.01445    0.03465    0.05922   -0.00119    0.04142    0.06179
   -0.01448    0.03879    0.02869    0.04096   -0.02220    0.02961    0.04004
   -0.02746    0.02910    0.04083   -0.02864    0.03007    0.04254   -0.03237
    0.02969    0.09632   -0.07065    0.04992    0.11849   -0.09480    0.03929
    0.12926   -0.08168    0.03481    0.23319   -0.13161    0.03495    0.01981
   -0.01430    0.02264    0.01070    0.00946   -0.02188    0.01113    0.01026
   -0.03451    0.00445   -0.02983   -0.04886    0.01622    0.05549   -0.10060
    0.02265    0.06403   -0.08685    0.02369    0.06255   -0.10220    0.02582
    0.06617   -0.05666    0.02258    0.05748   -0.03636    0.02243    0.05628
   -0.02494    0.03710    0.06998   -0.03427    0.04567    0.08084   -0.00368
    0.04106    0.07007    0.01028    0.05600    0.08159    0.02414    0.05652
    0.07131    0.02780    0.05207    0.07201
 ****
    7     1.49520
   -0.01570   -0.02141    0.12614   -0.02921   -0.01321    0.16214   -0.06239
    0.00710    0.15378   -0.08344    0.00136    0.13302   -0.01139   -0.01842
   -0.02721    0.00845   -0.03008   -0.05106    0.01950   -0.04340   -0.04533
    0.03200   -0.04158   -0.04937    0.01551   -0.05752   -0.03466    0.02556
   -0.07183   -0.02396    0.03582   -0.05089   -0.01579    0.02526   -0.02325
   -0.02628    0.05654   -0.06364    0.00354    0.06809   -0.04654    0.01474
    0.04370   -0.04189   -0.00421    0.03701   -0.01647   -0.00377    0.02900
   -0.06550   -0.02196    0.00210   -0.06338   -0.04228   -0.02361   -0.03429
   -0.05034   -0.04429   -0.01897   -0.06225   -0.02206   -0.02534   -0.04271
   -0.04537    0.00236   -0.04543   -0.03418    0.02742   -0.04077   -0.03377
    0.04465   -0.05734   -0.02384    0.03074   -0.01643   -0.01089    0.05754
   -0.00726   -0.02325    0.04850   -0.01581   -0.03270    0.04363   -0.01435
   -0.02317    0.04735   -0.02361   -0.03165    0.04415   -0.02984   -0.03614
    0.04256   -0.02952   -0.04784    0.04493   -0.03824   -0.02700    0.03852
   -0.02114   -0.03135    0.03905   -0.02513   -0.03499    0.04371   -0.02236
   -0.03508    0.04510   -0.01595   -0.04004    0.04611   -0.02599   -0.05389
    0.04611   -0.01758   -0.05469    0.03562    0.00462   -0.07150    0.03984
    0.01689   -0.02331    0.00235    0.04130   -0.01477   -0.00084    0.04705
   -0.02227   -0.00434    0.04626   -0.02463   -0.00420    0.04629   -0.00199
   -0.00354    0.06421   -0.00920   -0.00688    0.06989   -0.02112   -0.00200
    0.05407   -0.02395   -0.00030    0.04867    0.10791   -0.01485    0.13153
    0.13132   -0.02721    0.17267    0.17579   -0.05569    0.18387    0.21489
   -0.08183    0.20498    0.07722   -0.04823   -0.04906    0.09669   -0.05300
   -0.04873    0.09777   -0.05987   -0.05040    0.10155   -0.06438   -0.04797
    0.09690   -0.05800   -0.10825    0.11860   -0.03971   -0.13274    0.11138
   -0.02937   -0.11665    0.12282    0.05576   -0.16483    0.09079   -0.11660
   -0.04834    0.07835   -0.11869   -0.02235    0.01568   -0.09120   -0.00427
   -0.00711   -0.11867   -0.05723   -0.01560   -0.03993    0.07101   -0.08639
    0.00916    0.10071   -0.09639    0.05105    0.06392   -0.12093    0.09217
    0.08705   -0.07593    0.04170    0.00573   -0.07763    0.07636   -0.03296
   -0.08362    0.07689   -0.02308   -0.11391    0.04028   -0.01461   -0.05287
    0.12019   -0.02304   -0.05177    0.12481   -0.01306   -0.06492    0.14092
   -0.06865   -0.06444    0.17895   -0.07995
 ****
    8     1.16063
   -0.11950    0.06183   -0.10325   -0.11389    0.10771   -0.12102   -0.11977
    0.13797   -0.14214   -0.16102    0.12782   -0.15932    0.08773    0.08724
    0.10382    0.10779    0.08792    0.11769    0.10455    0.06031    0.07685
    0.10132    0.05819    0.00838    0.10371    0.03638    0.11635    0.10016
    0.00161    0.07077    0.07523   -0.01916    0.06630    0.05908   -0.02781
    0.08871    0.07014   -0.02726    0.03763    0.03520   -0.03559    0.03250
    0.02272   -0.03010    0.02055    0.01264   -0.03294    0.03292    0.02482
   -0.02062   -0.00511    0.02408   -0.00531   -0.02093    0.02903   -0.00476
   -0.02217    0.02309    0.00621   -0.02692    0.03976   -0.01654   -0.01680
    0.04612   -0.02085   -0.01262    0.02360   -0.02172    0.00610    0.01291
   -0.02147    0.01510    0.01309   -0.02257    0.01257   -0.01790   -0.02388
    0.03455   -0.05135   -0.00357    0.01970   -0.07757    0.00084    0.04019
   -0.05114    0.01033   -0.01749   -0.08195    0.03266   -0.03749   -0.08666
    0.04199   -0.05579   -0.12008    0.06281   -0.07513   -0.05317    0.02650
   -0.04825   -0.04787    0.02866   -0.05552   -0.06490    0.02484   -0.03939
   -0.07821    0.01429   -0.01830   -0.06639    0.03281   -0.04774   -0.08514
    0.03316   -0.03468   -0.08765    0.00729   -0.00596   -0.11477    0.00490
    0.00846   -0.06228   -0.03862    0.03274   -0.06218   -0.04030    0.03538
   -0.02413   -0.04182    0.03855   -0.00376   -0.04242    0.04661   -0.05070
   -0.07324   -0.03035   -0.04070   -0.06881   -0.02646   -0.03146   -0.07428
   -0.01705   -0.02139   -0.07948   -0.00658    0.00778   -0.08535    0.02050
    0.01782   -0.08087    0.04073    0.04459   -0.10183    0.05050    0.06276
   -0.11769    0.06191   -0.01864   -0.06497   -0.01404   -0.00572   -0.06520
   -0.01902   -0.00249   -0.07003   -0.01928    0.00467   -0.06687   -0.02265
    0.04804    0.04003   -0.00939    0.07882    0.07133   -0.00926    0.07265
    0.11853   -0.02751    0.06586    0.18353   -0.05120    0.07651    0.08500
   -0.01652    0.06935    0.11502   -0.02177    0.10314    0.09117   -0.03456
    0.12099    0.08280   -0.01988    0.11168    0.08171   -0.06149    0.14242
    0.04140   -0.07985    0.10028    0.01175   -0.04008    0.11920   -0.02371
   -0.05958    0.04053    0.02526    0.01633   -0.00700    0.00233    0.05810
   -0.03067   -0.04726    0.03969   -0.00931   -0.04786    0.01595   -0.07626
   -0.08892    0.04945   -0.10185   -0.12204    0.03090   -0.11588   -0.12847
    0.07718   -0.14049   -0.13997    0.12890
 ****
    9     1.04079
   -0.10004   -0.03932   -0.09248   -0.09674   -0.04033   -0.11067   -0.07907
   -0.02751   -0.12362   -0.07233   -0.02592   -0.13578   -0.09046   -0.01849
   -0.14965   -0.06273   -0.04118   -0.20421   -0.03970   -0.05774   -0.17947
   -0.04630   -0.03085   -0.26597   -0.01030   -0.10353   -0.05478    0.01761
   -0.12459    0.00872    0.07472   -0.04444    0.04217    0.06567    0.04405
   -0.00743    0.13796   -0.07317    0.12956    0.20908   -0.01444    0.17232
    0.17886    0.00120    0.14197    0.21680    0.05023    0.17984    0.10745
   -0.03695    0.07059    0.06615   -0.02592    0.03197    0.02555    0.02549
    0.00677    0.01350    0.03586    0.00043    0.00639    0.05812   -0.00782
   -0.02015    0.09331   -0.02206    0.01154    0.12232   -0.03075   -0.00186
    0.14150   -0.03953    0.05817    0.12536   -0.02834    0.09670    0.15601
   -0.03477    0.07429    0.08527   -0.04277    0.06552    0.07352   -0.04030
    0.06352    0.03976   -0.05079    0.04414   -0.01712   -0.05710    0.01144
   -0.03763   -0.01205    0.01335   -0.08480   -0.00459   -0.01841   -0.00279
    0.01690   -0.04323   -0.01362    0.05371   -0.04070   -0.02512    0.05214
   -0.02604   -0.01244    0.02781   -0.05381   -0.04891    0.07565   -0.04558
   -0.06202    0.07019   -0.04232   -0.04342    0.05897   -0.03168   -0.05619
    0.04219   -0.02883    0.01159    0.04012   -0.01408    0.02946    0.01893
   -0.00882    0.06282    0.02555    0.01612    0.08774    0.00541   -0.08286
   -0.00550   -0.01176   -0.09059   -0.00923   -0.00948   -0.10219   -0.00260
   -0.01887   -0.11209   -0.00023   -0.02597   -0.03346    0.03702    0.05990
   -0.02192    0.02187    0.08255   -0.00325    0.01329    0.08671    0.01230
    0.00432    0.09626   -0.02008    0.01221    0.01346   -0.02873    0.01204
    0.01661   -0.03450    0.01922    0.01796   -0.04509    0.01477    0.02154
   -0.01203    0.00049    0.05016   -0.03579   -0.03043    0.06077   -0.02647
   -0.06832    0.06913   -0.02137   -0.20915    0.14132   -0.02382    0.05750
   -0.00350   -0.01407    0.03947   -0.00562   -0.00302    0.03584   -0.00657
   -0.00049    0.06049    0.01174    0.00496    0.00602   -0.02683    0.01860
   -0.00667   -0.03186    0.01936   -0.01697   -0.02018    0.01526   -0.02877
   -0.02413    0.02411   -0.01284   -0.00602    0.02082   -0.01950    0.00483
    0.01447   -0.01273   -0.01157    0.02444   -0.00847   -0.02560   -0.00310
   -0.01256   -0.01010   -0.01261   -0.01030   -0.02361   -0.01432   -0.00811
   -0.02374   -0.01378   -0.00733   -0.02449
 ****
   10     0.87994
    0.03883    0.02620    0.00171    0.03993    0.01851   -0.00224    0.04513
    0.00576    0.00404    0.05504    0.00667    0.01376    0.03250    0.00208
    0.03330    0.03068    0.00630    0.04326    0.02835    0.00407    0.03399
    0.03118    0.00073    0.04127    0.02264    0.00618    0.01654    0.01840
    0.00543   -0.00050    0.00032   -0.00057   -0.00572   -0.00456   -0.00994
    0.00327   -0.01031    0.00427   -0.02090   -0.03190    0.00136   -0.02727
   -0.03405    0.00389   -0.03230   -0.05277    0.00541   -0.04687   -0.01466
    0.00365   -0.02019   -0.01415    0.00471   -0.02262   -0.01331   -0.00092
   -0.01585   -0.02066    0.00285   -0.02033   -0.00481   -0.00983   -0.00466
   -0.00493   -0.01393    0.00267   -0.01573   -0.01715    0.00861   -0.01671
   -0.01952    0.01130   -0.02452   -0.01694    0.01071   -0.03392   -0.02028
    0.01481   -0.03786   -0.01285    0.01275   -0.04235   -0.01532    0.01580
   -0.03564   -0.00352    0.00779   -0.03841    0.00554    0.00511   -0.02832
    0.00656    0.00233   -0.03085    0.01371   -0.00077   -0.01681   -0.00067
    0.00335   -0.00829   -0.00093    0.00020   -0.00619   -0.00517   -0.00131
   -0.01000   -0.00890   -0.00167   -0.00028   -0.00426   -0.00230    0.00024
   -0.00812   -0.00286   -0.00027   -0.00852   -0.00558    0.00117   -0.00822
   -0.00618   -0.00425   -0.00927   -0.00696   -0.00491   -0.01145   -0.00423
   -0.00486   -0.01588   -0.00470   -0.00786   -0.01896   -0.00163    0.04505
    0.01644   -0.00579    0.03980    0.01500   -0.01189    0.03921    0.01746
   -0.00899    0.03746    0.01741   -0.00757    0.06864    0.02694    0.01593
    0.07139    0.02085    0.01949    0.07311    0.01864    0.01939    0.07105
    0.02048    0.01648    0.05502    0.03379    0.00336    0.06227    0.03446
    0.01789    0.07744    0.02120    0.00987    0.09164    0.02002    0.01606
    0.10156   -0.01992   -0.01432    0.05933   -0.07276   -0.05548    0.07615
   -0.19021   -0.00277    0.14568   -0.61698    0.18282    0.01153    0.18961
   -0.16024    0.01883    0.12567   -0.12727   -0.03024    0.12944   -0.12236
   -0.04378    0.16892   -0.14692   -0.05663    0.08402   -0.08810   -0.11177
    0.06096   -0.08631   -0.11695    0.03807   -0.05765   -0.13510    0.00998
   -0.07041   -0.09877    0.04977   -0.01831   -0.09215    0.02964    0.01370
   -0.07826    0.01080    0.05611   -0.09059    0.04161    0.07599   -0.05016
   -0.03600    0.07009   -0.02815   -0.03984    0.10634    0.00472   -0.04218
    0.15016    0.01240   -0.07606    0.18178
 ****
   11     0.83858
   -0.03921    0.06261   -0.20026   -0.00631    0.05561   -0.29995    0.07726
    0.00458   -0.28438    0.12642    0.01575   -0.23559   -0.06172    0.02839
    0.03795   -0.09488    0.04840    0.07078   -0.10246    0.04951    0.02790
   -0.10376    0.05091    0.02110   -0.10851    0.04772   -0.00185   -0.10897
    0.04289   -0.02201   -0.10895    0.01292   -0.03585   -0.10000   -0.01401
   -0.02834   -0.11281    0.01534   -0.05662   -0.10336   -0.01139   -0.07144
   -0.06072   -0.02725   -0.03309   -0.04114   -0.02467   -0.08528   -0.04533
   -0.04529    0.05827   -0.00776   -0.06532    0.10376    0.01532   -0.06815
    0.07061    0.05739   -0.07473    0.08351   -0.01171   -0.06251    0.02715
    0.00343   -0.06034   -0.01132    0.02258   -0.04169   -0.01876    0.02581
   -0.03075   -0.03044    0.03522   -0.03892   -0.01182    0.05077   -0.02364
   -0.01505    0.06577   -0.01711   -0.00982    0.07629   -0.01769   -0.01847
    0.06763   -0.01102    0.00401    0.08090   -0.00281    0.01108    0.06433
    0.00998   -0.01786    0.05769    0.02650   -0.02199    0.05739    0.00308
   -0.03688    0.04141    0.01342   -0.06001    0.02629    0.04520   -0.04955
    0.02631    0.04860   -0.01606    0.01190    0.06905   -0.07461   -0.00437
    0.10317   -0.06479   -0.00459    0.09607   -0.03594   -0.01894    0.12382
   -0.00663    0.02116    0.02258    0.01052    0.02499    0.00397    0.03597
    0.02135   -0.02896    0.02866    0.01093   -0.04954    0.04618    0.02183
   -0.04088    0.01759    0.02219   -0.04096   -0.00008    0.03506   -0.04499
    0.01867    0.03897   -0.04760    0.02596    0.06108    0.01442    0.21884
    0.07886    0.00700    0.24685    0.10943   -0.00972    0.25155    0.14011
   -0.02868    0.26706    0.01613   -0.00464    0.07316    0.01421   -0.00650
    0.06604   -0.01023    0.00602    0.08216   -0.03211    0.00304    0.07755
   -0.06174    0.01916    0.04750   -0.07437    0.00565    0.01995   -0.06004
   -0.02187    0.01059   -0.05840   -0.05538    0.00033   -0.04984   -0.00747
    0.01333   -0.03490   -0.02743    0.00212   -0.02936   -0.03267    0.00301
   -0.02971   -0.04316    0.00452   -0.02355   -0.02602    0.00184   -0.01797
   -0.01690    0.00682   -0.00694   -0.00646   -0.00388   -0.00190    0.00299
    0.00398   -0.00269   -0.00770   -0.02206    0.00793    0.00189   -0.03509
    0.01006    0.00833   -0.02692   -0.00132    0.00338   -0.02201    0.02455
    0.01929   -0.02523    0.02787    0.02130   -0.01687    0.02543    0.02966
   -0.03368    0.03835    0.04262   -0.05642
 ****
   12     0.69544
    0.08350   -0.05106    0.03650    0.08311   -0.07551    0.04063    0.09573
   -0.08361    0.04768    0.12901   -0.07229    0.04937   -0.12064    0.00456
   -0.09723   -0.14493    0.00178   -0.11271   -0.14024    0.03031   -0.06449
   -0.13209    0.02252    0.00500   -0.14313    0.06353   -0.09724   -0.13171
    0.08894   -0.03459   -0.05691    0.05368   -0.03867    0.00880    0.01395
   -0.06142   -0.06426    0.06737   -0.01616   -0.00336    0.04840   -0.01634
    0.04655    0.03554    0.03157    0.07792    0.03124   -0.00785    0.05401
    0.02843    0.11739    0.09951    0.01359    0.17133    0.13950    0.00095
    0.13686    0.20355   -0.01998    0.16763    0.10525    0.01106    0.07182
    0.14211   -0.00228    0.02965    0.14546    0.00407    0.02807    0.12984
    0.00706    0.03722    0.15766    0.00316    0.01725    0.12290   -0.00018
    0.03755    0.06799   -0.01167    0.01275    0.02965   -0.01742    0.03745
    0.06274   -0.01565   -0.03752    0.01243   -0.02549   -0.06567   -0.05091
   -0.01361   -0.08775   -0.11766   -0.00533   -0.11854   -0.02888   -0.01228
   -0.06786   -0.06550   -0.00675   -0.06613   -0.10601    0.00995   -0.03201
   -0.10747    0.01263    0.00856   -0.13899    0.02226   -0.04606   -0.16473
    0.05240   -0.02810   -0.16201    0.04611    0.01672   -0.18901    0.05715
    0.04201   -0.09067   -0.00222    0.07760   -0.06549   -0.00250    0.08086
    0.01187   -0.00061    0.08561    0.07569    0.00557    0.09901    0.04964
   -0.03799    0.00617    0.04004   -0.04236    0.00719    0.03479   -0.03333
    0.01552    0.02225   -0.03299    0.01595   -0.01157   -0.05825   -0.08194
   -0.02702   -0.05023   -0.10972   -0.05479   -0.04451   -0.11124   -0.07604
   -0.03811   -0.12518    0.00163   -0.03490   -0.01917    0.01277   -0.03452
   -0.01007    0.02623   -0.05268   -0.01317    0.04324   -0.05274   -0.00632
    0.03318   -0.05660   -0.04129    0.05583   -0.03187   -0.04680    0.05135
    0.00239   -0.05740    0.06031    0.05867   -0.08658    0.03661   -0.03089
   -0.03356    0.02833   -0.00797   -0.03345    0.01869    0.01533   -0.02429
    0.02069    0.01546   -0.03378    0.00706    0.03334   -0.00614   -0.00688
    0.04205   -0.00135   -0.01360    0.04553   -0.00331    0.00694    0.04798
   -0.00835   -0.04197    0.04562    0.00199   -0.04947    0.04730    0.00324
   -0.04195    0.01694    0.03729   -0.05666    0.00862    0.06077   -0.01703
    0.00234    0.03995   -0.00413   -0.01115    0.06559    0.00025   -0.01709
    0.09245   -0.00887   -0.03115    0.11725
 ****
   13     0.62364
   -0.03279   -0.02174    0.05441   -0.04354    0.01396    0.09080   -0.08567
    0.05826    0.07399   -0.14104    0.04972    0.04357   -0.01247    0.02730
   -0.02228   -0.00962    0.03972    0.00625   -0.01621    0.05568    0.04289
   -0.01188    0.03186    0.11043   -0.02636    0.09592   -0.00199   -0.03131
    0.10959    0.02745   -0.00112    0.08295    0.02664    0.00244    0.07853
    0.03190    0.02084    0.06420    0.01898    0.06170    0.03152    0.01048
    0.08712    0.00191    0.05280    0.14632   -0.01437    0.05952    0.04234
   -0.00373    0.08080    0.05850   -0.02744    0.11864    0.07094   -0.02546
    0.10236    0.09778   -0.03792    0.12195    0.05501   -0.01073    0.06720
    0.06969   -0.01392    0.05095    0.05825   -0.00663    0.06283    0.03892
   -0.00107    0.07179    0.06116   -0.00702    0.06813    0.01080    0.00368
    0.10982   -0.08465   -0.00605    0.06677   -0.15599   -0.03123    0.11088
   -0.08599    0.01931   -0.02103   -0.16359    0.05949   -0.07051   -0.14224
    0.06488   -0.08734   -0.17220    0.09278   -0.10926   -0.08589    0.03771
   -0.07481   -0.03460    0.02510   -0.06602   -0.00207   -0.03450   -0.09338
   -0.01582   -0.05263   -0.14733    0.04189   -0.06708   -0.06142    0.06076
   -0.13734   -0.07678    0.05590   -0.14544   -0.12070    0.06987   -0.18719
   -0.16307    0.00818   -0.06449   -0.17832   -0.00431   -0.04606   -0.20367
    0.01100   -0.01182   -0.19426    0.01959    0.00857   -0.21226    0.00236
   -0.06514   -0.02870    0.00334   -0.06511   -0.03081   -0.00603   -0.06754
   -0.05375   -0.01420   -0.05911   -0.07523    0.03457    0.00221    0.05643
    0.04439   -0.00436    0.07330    0.06027   -0.00252    0.07152    0.07294
   -0.00326    0.08096   -0.01153    0.00509    0.04135   -0.02232    0.00281
    0.02520   -0.02765    0.02063    0.01801   -0.03658    0.02292    0.00671
   -0.03441    0.04242    0.01562   -0.05242    0.02177    0.00286   -0.04486
   -0.01556    0.01223   -0.04227   -0.07275    0.02717   -0.04108    0.01639
    0.00353   -0.03146   -0.01090    0.00593   -0.04655   -0.00396    0.01030
   -0.05264    0.02585    0.00812   -0.05262   -0.03256    0.01677   -0.06753
   -0.02589    0.02389   -0.02064   -0.02193    0.01513   -0.02429   -0.01704
    0.02069    0.02392   -0.02315    0.00085    0.06119   -0.01737   -0.00944
    0.07356    0.01194    0.00030    0.05984    0.00813    0.01133    0.09837
    0.03825   -0.00353    0.10716    0.05002    0.00445    0.09115    0.05726
   -0.03641    0.10638    0.08369   -0.09259
 ****
   14     0.54341
   -0.05944   -0.06693    0.00163   -0.07206   -0.08041    0.03880   -0.10253
   -0.07605    0.04801   -0.12222   -0.07795    0.04581    0.10118   -0.06593
   -0.00038    0.10340   -0.06198    0.02090    0.08386   -0.05335    0.01537
    0.06017   -0.06657    0.00347    0.09262   -0.02766    0.02145    0.06643
   -0.00811   -0.01151    0.01213    0.00146   -0.01189    0.02295   -0.02575
    0.00172   -0.05157    0.04003   -0.02859   -0.12124    0.05285   -0.03085
   -0.09728    0.09354   -0.05083   -0.17420    0.11481   -0.13280    0.01247
    0.10023    0.02760    0.05426    0.13123    0.02702    0.10535    0.08295
    0.03481    0.12312    0.09191    0.03278    0.12785    0.02940    0.04260
    0.17436   -0.02087    0.04944    0.13272   -0.06738    0.05627    0.12983
   -0.09860    0.08590    0.09537   -0.07315    0.02605    0.04790   -0.12375
    0.02572    0.04097   -0.09719    0.02552    0.03371   -0.08011    0.03658
    0.04166   -0.09545    0.01004    0.02973   -0.09200    0.00307   -0.00093
   -0.08214   -0.01109   -0.03023   -0.07693   -0.02220    0.00399   -0.07872
   -0.00771   -0.02461   -0.07062   -0.01135   -0.05402   -0.04518    0.01411
   -0.05160   -0.03996    0.05210   -0.07881   -0.02604   -0.00611   -0.07035
    0.02617   -0.00941   -0.06514    0.05345   -0.01174   -0.05083    0.06785
   -0.00956   -0.07349    0.07735   -0.03678   -0.07050    0.09609   -0.06021
   -0.01833    0.12650   -0.04880    0.02527    0.14817   -0.05559   -0.08049
    0.08543   -0.04702   -0.08920    0.08024   -0.06216   -0.10479    0.08170
   -0.09153   -0.12430    0.09727   -0.12773    0.00344    0.11077    0.05330
    0.02031    0.11257    0.08490    0.05555    0.10306    0.08856    0.08701
    0.08881    0.10991    0.06175    0.04779   -0.01292    0.05848    0.04639
   -0.02885    0.03863    0.06832   -0.02151    0.01619    0.06807   -0.02940
    0.02183    0.02993    0.02894   -0.00406    0.00139    0.04550   -0.00257
   -0.03234    0.06153   -0.01296   -0.08108    0.09191    0.01080   -0.00698
    0.04107    0.01542   -0.02464    0.04347    0.03065   -0.06242    0.02915
    0.02920   -0.11383    0.03016    0.04802   -0.03260    0.01612    0.06972
   -0.03088    0.01235    0.02364   -0.02079    0.00570   -0.00552   -0.01093
    0.01831    0.01579   -0.02314   -0.01561   -0.01806   -0.01512   -0.02629
   -0.04567   -0.01782   -0.06977   -0.02743   -0.01304   -0.10754   -0.08926
   -0.02394   -0.06432   -0.11494   -0.02644   -0.09499   -0.10736   -0.02025
   -0.09170   -0.11177   -0.02072   -0.05890
 ****
   15     0.49572
   -0.10927    0.02123    0.00356   -0.11444    0.06784    0.01221   -0.14809
    0.08767   -0.00140   -0.20300    0.06958   -0.01085   -0.01364    0.01935
   -0.02441   -0.00430    0.00257   -0.05608   -0.00006   -0.01955   -0.09048
   -0.01825    0.00050   -0.22941    0.02399   -0.06291    0.03582    0.02840
   -0.08907    0.00615    0.01788   -0.09468    0.00559    0.05816   -0.13279
    0.00238   -0.04009   -0.05447    0.01113   -0.09486   -0.02404    0.02198
   -0.09202    0.02915   -0.01717   -0.16690    0.04163   -0.04063   -0.00162
    0.06031   -0.02488    0.02431    0.11594   -0.06072    0.06282    0.07966
   -0.05396    0.05922    0.11368   -0.07318    0.09775    0.00900   -0.02672
    0.13303   -0.03162   -0.01566    0.08913   -0.06489    0.00062    0.10989
   -0.08567    0.00561    0.02558   -0.06888    0.00809   -0.01921   -0.10025
    0.01825   -0.01880   -0.05154    0.01636   -0.02678   -0.05111    0.02211
   -0.00897   -0.01126    0.00707   -0.01169    0.01123    0.00265   -0.00237
    0.01959   -0.01177   -0.03754    0.04557   -0.03349    0.04308   -0.00212
   -0.00021    0.04187    0.00525   -0.01688    0.01130    0.01904    0.01189
   -0.00657    0.00561    0.06102    0.00199    0.04598   -0.01422   -0.02633
    0.07118    0.00722   -0.02684    0.04575    0.05240   -0.05871    0.06430
    0.08811    0.00398   -0.05547    0.12520    0.00059   -0.06615    0.13768
    0.03809   -0.07922    0.13614    0.05880   -0.08764    0.15047   -0.01493
   -0.06393    0.00679   -0.00694   -0.06026    0.01513   -0.00121   -0.06387
    0.01494    0.01425   -0.06859    0.02577    0.02328   -0.05357   -0.06105
    0.01905   -0.04455   -0.06686    0.01429   -0.04167   -0.06656    0.00738
   -0.03698   -0.06810   -0.04480    0.00226    0.03841   -0.06211    0.00420
    0.03587   -0.03901    0.00775    0.01228   -0.02616    0.01279    0.01017
    0.01135    0.07196   -0.01869    0.00490    0.06998   -0.04900    0.00314
    0.02610   -0.02027    0.03127   -0.05866    0.00201   -0.02964    0.08297
   -0.01980   -0.03200    0.04257    0.00386   -0.08618    0.05620    0.00515
   -0.10477    0.12442   -0.01636   -0.11314   -0.01463    0.02960   -0.16757
   -0.02136    0.03147   -0.08325   -0.03991    0.03359   -0.12309   -0.04888
    0.03563    0.03542   -0.04433    0.03264    0.11221   -0.05820    0.03388
    0.14578    0.02143    0.02957    0.15371    0.05359    0.03785    0.16130
    0.04770    0.01558    0.17959    0.08603    0.00888    0.15819    0.08189
   -0.05477    0.18016    0.10923   -0.16522
 ****
   16     0.44087
   -0.13142   -0.16906   -0.05265   -0.13176   -0.14491   -0.04503   -0.14727
   -0.09450   -0.06631   -0.20492   -0.09753   -0.09615    0.13228   -0.07047
    0.04870    0.13350   -0.05309    0.10503    0.10395   -0.01448    0.14295
    0.10689   -0.06246    0.33783    0.07350    0.07872   -0.04664    0.03883
    0.13276   -0.04077    0.00594    0.13515   -0.04129   -0.04328    0.15934
   -0.01462    0.03360    0.10641   -0.07680    0.04633    0.06622   -0.09779
    0.05527    0.02390   -0.06262    0.10685    0.00774   -0.06489    0.00203
    0.00460   -0.02754   -0.00627   -0.04478    0.01288   -0.02374   -0.03335
    0.02256   -0.01758   -0.07136    0.04201   -0.04621    0.02015    0.00778
   -0.06653    0.04133    0.00890   -0.03522    0.05115   -0.00709   -0.05484
    0.05671    0.00224    0.01664    0.05154   -0.03336    0.05611    0.05620
   -0.05590    0.08732    0.02928   -0.03818    0.11909    0.04951   -0.05632
    0.07663   -0.01958   -0.00274    0.10173   -0.05638    0.01740    0.06925
   -0.06286    0.03438    0.10127   -0.09961    0.05870    0.00305   -0.02750
    0.02140   -0.03878   -0.02332    0.02807   -0.04023    0.01057    0.02692
   -0.02011    0.03038    0.03438   -0.06210    0.01942    0.01743   -0.04592
    0.06247    0.00629   -0.04399    0.07493    0.00000   -0.03220    0.09596
    0.00789   -0.05108    0.05446   -0.00746   -0.04566    0.05202   -0.00256
   -0.05293    0.04589   -0.00475   -0.04364    0.04650   -0.00352   -0.09683
   -0.10783    0.03062   -0.09989   -0.11031    0.05794   -0.11925   -0.10045
    0.03717   -0.13029   -0.09746    0.02797   -0.04643   -0.03712   -0.04007
   -0.04816   -0.02922   -0.03998   -0.04964   -0.01207   -0.04672   -0.05386
    0.00048   -0.04352   -0.00930   -0.03770    0.05499   -0.01531   -0.03941
    0.04950    0.00250   -0.03719    0.02747    0.01423   -0.03561    0.02493
    0.03043   -0.00935   -0.03448    0.03670   -0.00318   -0.07107    0.04382
   -0.01712   -0.07080    0.07068   -0.04192   -0.09146    0.01800   -0.00104
   -0.04590    0.01935   -0.01547   -0.03820   -0.02049    0.01508   -0.02451
   -0.03449    0.05373   -0.04138   -0.04120   -0.00675    0.00592   -0.08343
    0.00513    0.01731   -0.04350    0.00792    0.01062   -0.05835    0.01256
    0.01677    0.00897    0.00547   -0.00150    0.04283    0.00900   -0.00735
    0.06429    0.02008    0.02959    0.04019    0.01047    0.06049    0.10919
    0.03854    0.02647    0.12807    0.04002    0.05422    0.11377    0.04315
    0.03409    0.12302    0.05954   -0.00785
 ****
   17     0.40950
   -0.09154    0.06125   -0.00026   -0.08362    0.09027   -0.03356   -0.07210
    0.09700   -0.04660   -0.09943    0.08691   -0.04296   -0.00221    0.02673
   -0.05519    0.00377    0.02521   -0.06052    0.00607    0.01187   -0.07862
   -0.01937    0.03088   -0.21513    0.03664   -0.02113    0.05808    0.03949
   -0.03677    0.04740    0.03519   -0.03024    0.05121    0.04675   -0.03517
    0.04861    0.01484   -0.01701    0.05757   -0.01643    0.00418    0.06516
   -0.03218    0.02985    0.03158   -0.07254    0.04331    0.03132    0.00048
    0.03690    0.00276   -0.00201    0.06361   -0.03093    0.00486    0.04897
   -0.01859   -0.00964    0.06397   -0.03222    0.02568    0.01814    0.00658
    0.03887   -0.00616    0.02388    0.01150   -0.02989    0.03381    0.00595
   -0.04534    0.05202   -0.00507   -0.03269    0.01949   -0.01821   -0.05555
    0.01451   -0.00658   -0.04182    0.01967    0.00082   -0.03043    0.01682
   -0.00504   -0.04259    0.02653    0.00534   -0.02620    0.03082    0.01845
   -0.02200    0.02399    0.04208   -0.01890    0.03707    0.00150   -0.02141
    0.00370    0.00510   -0.01754   -0.00470    0.01405   -0.00770   -0.01269
    0.01874   -0.00409   -0.01454    0.01834   -0.00195   -0.01801    0.03641
    0.01281   -0.02908    0.03727    0.02610   -0.05218    0.05742    0.03400
   -0.05790    0.00507    0.03686   -0.07955   -0.00085    0.03639   -0.08027
   -0.00748    0.03617   -0.08081   -0.00898    0.03666   -0.08161   -0.01058
   -0.04062    0.04736   -0.01561   -0.04152    0.03761   -0.02238   -0.04062
    0.02562   -0.02961   -0.03569    0.01286   -0.04272    0.04270    0.02894
   -0.05309    0.05194    0.01039   -0.07667    0.08764   -0.00589   -0.09715
    0.11604   -0.01382    0.07142   -0.01732    0.12252    0.07306   -0.02233
    0.10866    0.06419   -0.01371    0.10694    0.05866   -0.01407    0.10031
   -0.06525   -0.13324   -0.00324   -0.06596   -0.13176   -0.03941   -0.03845
   -0.10611   -0.10636   -0.02413    0.00644   -0.24037   -0.03575   -0.20519
   -0.01585   -0.01487   -0.17687   -0.06783    0.00063   -0.11112   -0.03661
    0.00859   -0.15655   -0.03213    0.00549   -0.00520   -0.01694    0.02441
    0.05866    0.00608    0.03902    0.11174   -0.04896    0.15456    0.16153
   -0.04517   -0.07517    0.10145   -0.09642   -0.08046    0.13921   -0.13945
   -0.05365    0.04355    0.00358   -0.14089   -0.01584    0.10308    0.07309
    0.03158    0.01582    0.11858   -0.03013    0.13439    0.13191   -0.02362
    0.21282    0.14140   -0.04443    0.25479
 ****
   18     0.34199
   -0.04606   -0.03449   -0.01345   -0.03673   -0.02023   -0.04275   -0.01762
   -0.00679   -0.05516   -0.02363   -0.00637   -0.06246   -0.01785    0.01468
   -0.00431   -0.02368    0.01486   -0.00635   -0.02243    0.01940   -0.00197
   -0.01767    0.01589    0.01749   -0.02676    0.02748   -0.01934   -0.02288
    0.02957   -0.00841   -0.00240    0.01073   -0.01098    0.00875   -0.00006
   -0.01092    0.00254    0.00697   -0.01341    0.01966   -0.00552   -0.01609
    0.02635   -0.01610   -0.00111    0.04954   -0.03879    0.02881    0.00613
    0.00176   -0.02296    0.01082   -0.00134   -0.01517    0.01569   -0.00603
   -0.01245    0.01894   -0.00898   -0.00804    0.01689   -0.00701   -0.01417
    0.01881   -0.00886   -0.01305    0.01348   -0.00760   -0.00813    0.01871
   -0.00629   -0.01238    0.00085   -0.00771    0.00165   -0.01562   -0.00640
    0.01419   -0.03469    0.00483    0.00387   -0.05191   -0.00350    0.01228
   -0.03210    0.02537   -0.01453   -0.04865    0.03962   -0.02551   -0.03404
    0.03952   -0.02837   -0.05526    0.05437   -0.04364    0.00352    0.02309
   -0.01343    0.02192    0.01830   -0.01011    0.02746   -0.00500   -0.01307
    0.02054   -0.01411   -0.02697    0.03875   -0.01698    0.00007    0.02656
   -0.05127    0.00755    0.02622   -0.05864    0.01282    0.01849   -0.07570
    0.00663    0.04136   -0.05438    0.03661    0.04288   -0.05958    0.04290
    0.03544   -0.06330    0.04050    0.03276   -0.06594    0.04144   -0.02176
   -0.05708    0.12014   -0.01166   -0.05345    0.13792   -0.01068   -0.05653
    0.13107    0.00022   -0.05945    0.13626   -0.05912    0.06393    0.00222
   -0.08244    0.07263   -0.03639   -0.13767    0.13880   -0.06531   -0.20172
    0.20691   -0.09412    0.14572    0.02875    0.23001    0.15135    0.02970
    0.22885    0.13438    0.04028    0.24234    0.12792    0.05020    0.22198
    0.06837    0.13034    0.07888    0.05877    0.12426   -0.04250    0.08225
    0.04683   -0.04227    0.10734   -0.04969   -0.06075    0.07171    0.08855
   -0.02009    0.08424    0.01417   -0.00433    0.05635   -0.06587   -0.03264
    0.03076   -0.17278   -0.07845    0.05975   -0.01988   -0.00614    0.02650
   -0.03410   -0.00942   -0.05826   -0.02974    0.00373   -0.21619   -0.02871
    0.04905    0.04557   -0.02756   -0.03844    0.00228   -0.02575   -0.03421
   -0.03069   -0.00201   -0.10723    0.00648    0.03374   -0.16883   -0.09843
   -0.01820   -0.10068   -0.12942   -0.01402   -0.14663   -0.11786   -0.01372
   -0.12103   -0.11710   -0.03002   -0.09107
 ****
   19     0.30780
    0.06319    0.03890    0.03668    0.07044    0.01453    0.01576    0.09989
   -0.01785    0.03111    0.15087   -0.00917    0.05213    0.01355    0.02289
   -0.06874   -0.01892    0.02204   -0.07583   -0.02393    0.04261   -0.07101
   -0.06836    0.06845   -0.18572    0.02266    0.03201    0.06145    0.02069
    0.05225    0.07228    0.02888    0.04665    0.07026    0.03685    0.03765
    0.06749    0.02359    0.05224    0.07173    0.02298    0.04608    0.06921
    0.00664    0.03372    0.06810    0.02445   -0.01308    0.15495   -0.02683
    0.07789   -0.03056   -0.03762    0.08242   -0.04706   -0.03636    0.05057
   -0.00358   -0.04910    0.02816    0.00175   -0.02128    0.04521    0.02471
   -0.00770    0.00355    0.06589   -0.03248   -0.04739    0.06017   -0.04579
   -0.08044    0.09971   -0.03544   -0.05360    0.00961   -0.02871   -0.09415
   -0.01999    0.01253   -0.10043   -0.00027    0.04426   -0.09569   -0.02113
    0.01301   -0.10970    0.03936    0.05349   -0.09333    0.06304    0.05970
   -0.08103    0.04273    0.11749   -0.08461    0.08058   -0.00261   -0.06563
   -0.01454   -0.01698   -0.05204   -0.03578   -0.02110   -0.00693   -0.03615
   -0.01105    0.00517   -0.00954   -0.03286    0.02366   -0.06737   -0.00373
    0.09328   -0.08653   -0.00409    0.10702   -0.10814    0.01691    0.13307
   -0.10362   -0.05181    0.09950   -0.15458   -0.06481    0.09542   -0.15012
   -0.07724    0.08146   -0.15079   -0.11120    0.06886   -0.14562    0.00786
    0.01823    0.02775    0.01295    0.02001    0.02490    0.01694    0.01551
    0.02597    0.01606    0.01713    0.02204   -0.08351   -0.11145    0.04214
   -0.07955   -0.09841    0.04661   -0.06435   -0.10270    0.04749   -0.04045
   -0.12051    0.06270   -0.02108   -0.12220    0.09290   -0.02945   -0.12133
    0.10679   -0.02663   -0.12301    0.10505   -0.02782   -0.12656    0.11050
    0.05179    0.02499    0.03146    0.07584    0.05354   -0.02421    0.09000
    0.05643   -0.04937    0.11083    0.02646   -0.06940    0.07916    0.08948
   -0.04650    0.08206    0.06793   -0.03978    0.03975    0.08447   -0.03997
    0.02830    0.15750   -0.05597    0.01090    0.00923   -0.02098   -0.04373
   -0.02089   -0.02893   -0.05580   -0.05685    0.00662   -0.11053   -0.08914
   -0.01055   -0.00286   -0.05236    0.05335    0.00529   -0.07625    0.07985
    0.00192   -0.04361    0.04620    0.01486   -0.06007    0.03403   -0.01819
    0.00326    0.03090   -0.02497    0.04286   -0.00580   -0.04666    0.04697
   -0.10254   -0.04100    0.09116   -0.17528
 ****
   20     0.29888
    0.04075   -0.07563   -0.01701    0.02841   -0.06691    0.01290    0.02073
    0.05631   -0.05770    0.01883    0.06437   -0.17417   -0.05671    0.03087
    0.07701   -0.02968    0.01317    0.03833   -0.01186   -0.03099   -0.01042
    0.03236   -0.03594   -0.01662   -0.04531   -0.06413   -0.04425   -0.03148
   -0.10659   -0.07336   -0.05596   -0.07354   -0.06680   -0.07003   -0.04948
   -0.07293   -0.05944   -0.06980   -0.05304   -0.06955   -0.04846   -0.04412
   -0.04431   -0.02053   -0.04935   -0.06947    0.01980   -0.10913    0.00629
   -0.04373    0.01406    0.03346   -0.02819    0.01920    0.05255   -0.02992
    0.00026    0.05805   -0.00343   -0.00856    0.06147   -0.05801   -0.00381
    0.06403   -0.04840   -0.01996    0.06413   -0.03164   -0.01274    0.08316
   -0.01873   -0.03996    0.03909   -0.03014    0.02504    0.01696   -0.01884
    0.04837   -0.00490    0.02303    0.03781   -0.02558    0.04870    0.05345
   -0.00342    0.03293    0.00912   -0.02634    0.05925   -0.00640   -0.00797
    0.06244   -0.01577   -0.01442    0.07985   -0.02360    0.01712    0.04580
   -0.01475    0.04511    0.04133   -0.01490    0.06026    0.01040   -0.02630
    0.06997    0.01597   -0.07135    0.06336   -0.02715    0.01157    0.04378
   -0.09408    0.02302    0.04643   -0.08067    0.02491    0.04337   -0.12882
   -0.01019    0.08323    0.05761   -0.01475    0.09872    0.09820   -0.06564
    0.05576    0.17052   -0.05051    0.05662    0.22054   -0.09715   -0.11646
    0.10867    0.22916   -0.12128    0.10209    0.31568   -0.17456    0.12283
    0.24266   -0.20169    0.13883    0.20145   -0.07428   -0.00037    0.00533
   -0.07448    0.00155    0.01149   -0.06247   -0.01866    0.02371   -0.05532
   -0.03192    0.03000   -0.06804   -0.04263   -0.06991   -0.07615   -0.04271
   -0.04930   -0.05439   -0.05853   -0.06250   -0.04818   -0.07211   -0.03292
    0.04239   -0.09271   -0.04086    0.06995   -0.06679   -0.00945    0.06652
   -0.01281   -0.02967    0.07733    0.03478   -0.05078    0.05142   -0.02051
   -0.02225    0.04194    0.01429   -0.02405    0.02389    0.07196   -0.00715
    0.02364    0.17144    0.01017    0.00480    0.00703   -0.01110   -0.01657
    0.00213   -0.01457   -0.00258   -0.01914   -0.00407    0.01469   -0.03186
   -0.03550   -0.00967   -0.02316    0.03928   -0.00249   -0.03823    0.05054
    0.00780   -0.02718    0.05038    0.01772   -0.03171    0.06005    0.00371
   -0.01323    0.03881    0.01119    0.01031    0.02882    0.01616   -0.00096
    0.01189    0.00790   -0.00802    0.00484
